0 0.50078125 0.5 0.98984375 0.965625
1 0.08359375 0.08671875 0.1015625 0.0890625
1 0.203125 0.215625 0.0859375 0.075
1 0.08359375 0.3375 0.08515625 0.08046875
1 0.3203125 0.090625 0.08046875 0.06484375
1 0.45078125 0.21328125 0.0875 0.09296875
1 0.33046875 0.3359375 0.10625 0.0859375
1 0.57265625 0.08671875 0.09609375 0.09765625
1 0.6859375 0.2078125 0.09609375 0.090625
1 0.56953125 0.33359375 0.090625 0.090625
1 0.80625 0.08671875 0.090625 0.103125
1 0.92734375 0.21484375 0.09921875 0.1015625
1 0.80703125 0.33125 0.075 0.0765625