0 0.503125 0.50234375 0.94453125 0.98984375
2 0.434375 0.203125 0.09609375 0.09453125
2 0.071875 0.340625 0.09609375 0.08203125
2 0.55859375 0.3234375 0.0765625 0.078125
2 0.78984375 0.309375 0.0921875 0.0734375
2 0.44296875 0.6734375 0.08203125 0.0765625
2 0.690625 0.91484375 0.09765625 0.08515625
1 0.21171875 0.68984375 0.103125 0.1015625
1 0.33203125 0.56875 0.115625 0.09921875
1 0.6890625 0.67734375 0.08359375 0.09921875
1 0.8046875 0.5484375 0.09609375 0.08515625
1 0.80703125 0.79140625 0.1015625 0.09453125
1 0.93515625 0.90234375 0.078125 0.08203125