0 0.5 0.5 1 1
2 0.0375 0.1296875 0.075 0.084375
2 0.29453125 0.09921875 0.075 0.08125
1 0.55 0.09296875 0.09375 0.0875
2 0.784375 0.07578125 0.071875 0.0703125
2 0.18203125 0.22734375 0.0734375 0.0734375
2 0.0703125 0.36796875 0.075 0.075
2 0.31328125 0.35078125 0.0796875 0.0765625
1 0.80234375 0.309375 0.0796875 0.0859375
1 0.19609375 0.49140625 0.075 0.0796875
2 0.690625 0.4515625 0.0734375 0.071875
1 0.93125 0.42265625 0.0875 0.084375
1 0.34375 0.56875 0.08125 0.0796875
2 0.58125 0.56328125 0.0734375 0.0828125
2 0.81640625 0.55390625 0.08125 0.084375
2 0.953125 0.65625 0.0796875 0.08125
1 0.71796875 0.67109375 0.078125 0.084375
2 0.465625 0.7 0.0859375 0.08125
1 0.22265625 0.7125 0.075 0.075
1 0.1109375 0.84296875 0.0859375 0.08125
1 0.353125 0.81796875 0.0828125 0.0890625
1 0.60390625 0.81484375 0.075 0.0765625
2 0.83125 0.78203125 0.0796875 0.078125
1 0.72890625 0.915625 0.0828125 0.078125
1 0.9625 0.8921875 0.075 0.090625