0 0.5 0.49375 0.95703125 0.984375
2 0.08828125 0.31796875 0.09765625 0.1015625
2 0.33203125 0.06640625 0.0875 0.0875
2 0.45 0.209375 0.08203125 0.07890625
2 0.82890625 0.0859375 0.09296875 0.09921875
2 0.4390625 0.44375 0.0921875 0.08515625
2 0.6875 0.453125 0.090625 0.08359375
2 0.8 0.33125 0.09609375 0.08359375
2 0.43828125 0.91875 0.08515625 0.09296875
1 0.32578125 0.3265625 0.078125 0.09609375
1 0.57265625 0.0875 0.0734375 0.08203125
1 0.6953125 0.21328125 0.090625 0.090625
1 0.5765625 0.3234375 0.08359375 0.09921875
1 0.56875 0.5734375 0.08515625 0.08046875
1 0.2046875 0.68046875 0.0890625 0.0875
1 0.92578125 0.69140625 0.08359375 0.08515625
1 0.9171875 0.9265625 0.08046875 0.08203125