0 0.5 0.5 1 1
2 0.13046875 0.04140625 0.0859375 0.0828125
2 0.10625 0.27421875 0.0875 0.0875
2 0.07265625 0.51796875 0.09375 0.09375
2 0.16875 0.653125 0.0859375 0.1
1 0.04609375 0.74375 0.0921875 0.10625
2 0.14609375 0.8921875 0.09375 0.1046875
2 0.390625 0.9171875 0.0875 0.096875
2 0.41171875 0.6875 0.0921875 0.0984375
2 0.65703125 0.70546875 0.10625 0.1078125
2 0.87578125 0.13125 0.0890625 0.09375
1 0.3609375 0.290625 0.0984375 0.103125
1 0.20390625 0.41875 0.0984375 0.10625
1 0.32734375 0.5296875 0.1015625 0.1015625
1 0.4546875 0.44609375 0.0875 0.103125
1 0.6984375 0.46640625 0.0890625 0.0890625
2 0.59375 0.33203125 0.096875 0.103125
1 0.5484375 0.57421875 0.0890625 0.09375
1 0.89765625 0.74609375 0.121875 0.109375
1 0.6234375 0.94296875 0.10625 0.1140625
1 0.86953125 0.96484375 0.0984375 0.0703125