0 0.50234375 0.503125 0.95859375 0.97578125
1 0.07578125 0.08359375 0.08359375 0.0875
1 0.07578125 0.33828125 0.0921875 0.07890625
1 0.20234375 0.2203125 0.08515625 0.0765625
1 0.30546875 0.3359375 0.0875 0.08359375
1 0.43515625 0.45078125 0.08046875 0.0765625
1 0.33203125 0.56875 0.07890625 0.08359375
1 0.4375 0.6671875 0.08046875 0.0875
1 0.6875 0.45625 0.09296875 0.0921875
1 0.9234375 0.45 0.09921875 0.09765625
1 0.8078125 0.56171875 0.1 0.08359375
1 0.68125 0.6703125 0.090625 0.0703125
1 0.92265625 0.6875 0.0890625 0.090625