0 0.50078125 0.5015625 0.9515625 0.996875
2 0.33125 0.075 0.06640625 0.0765625
2 0.21171875 0.4453125 0.06953125 0.06796875
2 0.08515625 0.56796875 0.0703125 0.06953125
2 0.0703125 0.790625 0.071875 0.06796875
2 0.20390625 0.675 0.0734375 0.078125
2 0.32578125 0.56015625 0.06328125 0.0765625
2 0.4515625 0.44296875 0.071875 0.0734375
2 0.5640625 0.559375 0.06796875 0.071875
2 0.68125 0.69296875 0.078125 0.0703125
2 0.68828125 0.43046875 0.06953125 0.075
2 0.79921875 0.56484375 0.0703125 0.06640625
2 0.92578125 0.4578125 0.078125 0.0734375