2 0.38828125 0.0515625 0.1 0.1015625
2 0.87265625 0.13125 0.128125 0.109375
2 0.109375 0.26640625 0.0890625 0.0921875
2 0.48984375 0.21171875 0.0921875 0.0953125
2 0.44921875 0.43828125 0.0875 0.0875
2 0.69453125 0.4796875 0.1046875 0.096875
2 0.82109375 0.37265625 0.0921875 0.0921875
1 0.3453125 0.309375 0.090625 0.0953125
1 0.6 0.34375 0.1046875 0.0921875
1 0.61875 0.103125 0.0984375 0.1
1 0.7265625 0.23671875 0.0953125 0.0890625
1 0.18203125 0.634375 0.075 0.090625
1 0.55625 0.58359375 0.096875 0.0984375
1 0.8953125 0.74296875 0.1109375 0.109375
2 0.38359375 0.9109375 0.075 0.0875
1 0.8625 0.9609375 0.1125 0.078125
0 0.5 0.5 1 1