0 0.5 0.5 1 1
2 0.72109375 0.03828125 0.0984375 0.0765625
2 0.025 0.18828125 0.05 0.1046875
2 0.05390625 0.4140625 0.1 0.103125
1 0.19921875 0.53046875 0.11875 0.1046875
1 0.3515625 0.58828125 0.109375 0.10625
2 0.10390625 0.6546875 0.103125 0.0984375
2 0.2375 0.7375 0.09375 0.0953125
1 0.15703125 0.8875 0.109375 0.1125
1 0.671875 0.40234375 0.1203125 0.121875
1 0.29765625 0.3515625 0.1234375 0.1265625
1 0.44140625 0.4609375 0.1 0.096875
1 0.56875 0.54609375 0.0890625 0.1
1 0.95546875 0.590625 0.0890625 0.10625
1 0.76328125 0.86796875 0.1234375 0.1140625
1 0.9703125 0.81953125 0.059375 0.1015625
2 0.4796875 0.69609375 0.1 0.1015625
2 0.7078125 0.62890625 0.103125 0.1015625
2 0.52421875 0.3046875 0.103125 0.096875
2 0.3 0.96640625 0.1 0.0671875
2 0.5328125 0.91953125 0.096875 0.1015625