0 0.5 0.5 1 1
2 0.75859375 0.0625 0.0921875 0.0875
1 0.525 0.0828125 0.0921875 0.0921875
2 0.2765625 0.10859375 0.0984375 0.0953125
2 0.03046875 0.14375 0.0609375 0.09375
2 0.16640625 0.23515625 0.0859375 0.08125
2 0.05859375 0.378125 0.08125 0.0796875
2 0.30625 0.35390625 0.08125 0.0875
1 0.78203125 0.29140625 0.090625 0.0984375
1 0.92890625 0.40625 0.0859375 0.084375
1 0.18515625 0.49921875 0.0828125 0.0859375
2 0.68046875 0.43828125 0.078125 0.0859375
1 0.33828125 0.57734375 0.0921875 0.0828125
2 0.571875 0.5578125 0.1015625 0.1015625
2 0.8078125 0.53828125 0.0953125 0.0890625
2 0.9484375 0.6390625 0.0828125 0.0828125
1 0.7125 0.66015625 0.0921875 0.0890625
2 0.46328125 0.70234375 0.08125 0.0921875
1 0.228125 0.7203125 0.0890625 0.0953125
1 0.11484375 0.85703125 0.0890625 0.090625
1 0.3625 0.8265625 0.0890625 0.090625
1 0.6046875 0.81015625 0.09375 0.0984375
2 0.83046875 0.76953125 0.0953125 0.0984375
1 0.73359375 0.9046875 0.09375 0.0875
1 0.96640625 0.8765625 0.0671875 0.090625