0 0.5 0.5 1 1
2 0.28046875 0.096875 0.1 0.103125
2 0.4140625 0.21953125 0.078125 0.0828125
2 0.07578125 0.375 0.0890625 0.103125
2 0.7703125 0.05859375 0.0921875 0.0890625
1 0.51875 0.0859375 0.0859375 0.09375
1 0.65625 0.19765625 0.1046875 0.0953125
2 0.775 0.30078125 0.08125 0.078125
1 0.55078125 0.32421875 0.0828125 0.0875
1 0.30859375 0.35078125 0.0875 0.08125
2 0.43984375 0.45546875 0.0890625 0.09375
2 0.67578125 0.42890625 0.0984375 0.1
2 0.48359375 0.92109375 0.09375 0.1109375
1 0.2296875 0.71640625 0.0828125 0.0953125
1 0.57578125 0.56796875 0.103125 0.09375
1 0.93984375 0.63671875 0.1 0.0953125
1 0.95546875 0.8703125 0.0890625 0.090625