0 0.5 0.5 1 1
2 0.09921875 0.0609375 0.0890625 0.1
2 0.09921875 0.303125 0.125 0.1203125
2 0.07890625 0.553125 0.10625 0.115625
2 0.17578125 0.665625 0.0796875 0.0984375
2 0.42578125 0.6859375 0.0859375 0.0890625
2 0.6703125 0.68828125 0.1046875 0.09375
2 0.8453125 0.109375 0.090625 0.0953125
2 0.5890625 0.321875 0.1046875 0.0921875
2 0.17734375 0.9203125 0.1140625 0.1015625
2 0.41875 0.91796875 0.0796875 0.0890625
1 0.05625 0.76953125 0.109375 0.1015625
1 0.19453125 0.440625 0.078125 0.096875
1 0.3375 0.2953125 0.0875 0.084375
1 0.4515625 0.45234375 0.1015625 0.096875
1 0.33125 0.53671875 0.1015625 0.075
1 0.55390625 0.56640625 0.0875 0.0796875
1 0.6859375 0.446875 0.103125 0.0796875
1 0.91875 0.7171875 0.1125 0.0984375
1 0.6609375 0.93828125 0.1 0.103125
1 0.896875 0.95546875 0.109375 0.0890625