0 0.50078125 0.50546875 0.9984375 0.97421875
1 0.078125 0.08984375 0.0921875 0.09453125
1 0.0765625 0.33125 0.0875 0.08203125
1 0.203125 0.221875 0.078125 0.08515625
1 0.3296875 0.33671875 0.09921875 0.07890625
1 0.3234375 0.09296875 0.0734375 0.09609375
1 0.44609375 0.2125 0.103125 0.090625
1 0.56953125 0.0875 0.090625 0.1046875
1 0.6875 0.2078125 0.07890625 0.1015625
1 0.5703125 0.3359375 0.08359375 0.1
1 0.8125 0.090625 0.09765625 0.090625
1 0.9328125 0.2171875 0.0859375 0.078125
1 0.81171875 0.33828125 0.09921875 0.0765625