0 0.5 0.5 1 1
2 0.0140625 0.2078125 0.028125 0.09375
2 0.234375 0.13671875 0.0859375 0.090625
1 0.4859375 0.090625 0.103125 0.1
2 0.7140625 0.03828125 0.08125 0.0765625
2 0.14296875 0.28046875 0.0828125 0.0828125
2 0.0546875 0.43671875 0.084375 0.084375
2 0.2921875 0.38203125 0.0890625 0.0875
1 0.76875 0.26484375 0.090625 0.0953125
1 0.1984375 0.5390625 0.0859375 0.0890625
2 0.68125 0.421875 0.0828125 0.08125
1 0.9140625 0.35625 0.096875 0.0953125
1 0.35625 0.5921875 0.0921875 0.090625
2 0.58984375 0.55 0.084375 0.0921875
2 0.82109375 0.50390625 0.0921875 0.09375
2 0.96328125 0.58359375 0.0734375 0.0921875
1 0.7421875 0.63515625 0.0890625 0.09375
2 0.496875 0.70234375 0.0953125 0.0921875
1 0.259375 0.75390625 0.0828125 0.084375
1 0.16953125 0.89921875 0.0953125 0.0921875
1 0.4046875 0.8375 0.09375 0.0984375
1 0.65234375 0.79453125 0.084375 0.0859375
2 0.871875 0.7265625 0.0890625 0.0890625
1 0.790625 0.875 0.0921875 0.0890625
1 0.9875 0.8140625 0.025 0.103125