0 0.49921875 0.496875 0.98984375 0.97109375
2 0.0609375 0.09453125 0.0703125 0.0734375
2 0.32109375 0.08046875 0.0765625 0.0765625
1 0.5734375 0.08828125 0.08046875 0.0859375
2 0.80234375 0.0890625 0.06953125 0.0765625
2 0.196875 0.19609375 0.0734375 0.075
2 0.0796875 0.33203125 0.075 0.0734375
2 0.3234375 0.334375 0.0703125 0.075
1 0.8109375 0.31953125 0.08046875 0.0875
1 0.934375 0.44453125 0.07890625 0.08359375
2 0.6890625 0.45703125 0.06640625 0.0734375
1 0.20625 0.45859375 0.07890625 0.078125
1 0.33359375 0.55234375 0.09609375 0.09453125
2 0.57421875 0.56015625 0.0765625 0.0703125
2 0.44609375 0.690625 0.06953125 0.08359375
2 0.80546875 0.56875 0.06953125 0.06953125
2 0.9328125 0.678125 0.071875 0.075
2 0.803125 0.7953125 0.0703125 0.075
1 0.6953125 0.67734375 0.0765625 0.07890625
1 0.94140625 0.9140625 0.08203125 0.08359375
1 0.696875 0.91875 0.08515625 0.0859375
1 0.5765625 0.81328125 0.08203125 0.0875
1 0.33671875 0.8046875 0.090625 0.0875
1 0.21015625 0.68828125 0.08046875 0.078125
1 0.08828125 0.80546875 0.0890625 0.08359375