0 0.5 0.5 1 1
2 0.07421875 0.3546875 0.10625 0.109375
2 0.29453125 0.0828125 0.0953125 0.0953125
2 0.425 0.21484375 0.0890625 0.0859375
2 0.79140625 0.05859375 0.1015625 0.10625
2 0.434375 0.44921875 0.1 0.0921875
2 0.6828125 0.43671875 0.096875 0.090625
2 0.784375 0.30546875 0.103125 0.0921875
2 0.475 0.92265625 0.0921875 0.1
1 0.31171875 0.3421875 0.0859375 0.103125
1 0.53671875 0.0828125 0.0796875 0.0875
1 0.66953125 0.19765625 0.0984375 0.0984375
1 0.5609375 0.3171875 0.0921875 0.10625
1 0.575 0.5671875 0.0921875 0.0875
1 0.221875 0.70546875 0.096875 0.0953125
1 0.940625 0.65390625 0.090625 0.0921875
1 0.953125 0.88828125 0.0875 0.0890625