0 0.5 0.5 1 1
2 0.27421875 0.103125 0.08125 0.090625
2 0.2015625 0.48671875 0.0703125 0.0703125
2 0.10078125 0.62421875 0.084375 0.078125
2 0.1140625 0.8453125 0.0796875 0.0828125
2 0.23359375 0.7171875 0.06875 0.075
2 0.33203125 0.5796875 0.0765625 0.08125
2 0.44140625 0.45078125 0.0765625 0.08125
2 0.56875 0.5515625 0.0734375 0.0765625
2 0.7046875 0.66640625 0.0765625 0.08125
2 0.67578125 0.40625 0.071875 0.078125
2 0.80546875 0.52421875 0.084375 0.078125
2 0.9140625 0.39921875 0.08125 0.0765625