0 0.5140625 0.5046875 0.97109375 0.96171875
2 0.31640625 0.07890625 0.0921875 0.09609375
2 0.4390625 0.21328125 0.071875 0.0765625
2 0.08828125 0.33828125 0.08046875 0.09609375
2 0.8078125 0.08359375 0.0859375 0.08203125
1 0.5546875 0.0890625 0.07890625 0.0875
1 0.68203125 0.2125 0.09765625 0.0875
2 0.79140625 0.32578125 0.075 0.071875
1 0.565625 0.32890625 0.0765625 0.08046875
1 0.32265625 0.334375 0.08203125 0.075
2 0.44375 0.45 0.08203125 0.0875
2 0.68125 0.44453125 0.090625 0.0921875
2 0.446875 0.91796875 0.08515625 0.1046875
1 0.21171875 0.6921875 0.075 0.0890625
1 0.56953125 0.57421875 0.09609375 0.08515625
1 0.9265625 0.67421875 0.0921875 0.0875
1 0.92578125 0.90859375 0.0921875 0.08359375