0 0.50078125 0.50234375 0.9703125 0.978125
2 0.06953125 0.08984375 0.08203125 0.09453125
2 0.08671875 0.33125 0.1171875 0.11171875
2 0.08359375 0.58203125 0.09921875 0.10859375
2 0.18828125 0.6875 0.0734375 0.09296875
2 0.4390625 0.690625 0.08046875 0.08359375
2 0.6828125 0.67578125 0.09921875 0.0875
2 0.8171875 0.0859375 0.08515625 0.0890625
2 0.5765625 0.31640625 0.09921875 0.08515625
2 0.2078125 0.94140625 0.1078125 0.09453125
2 0.4484375 0.92265625 0.0734375 0.08359375
1 0.07578125 0.8 0.103125 0.09453125
1 0.19140625 0.46171875 0.071875 0.0921875
1 0.3234375 0.30703125 0.08203125 0.07890625
1 0.4484375 0.45546875 0.09609375 0.090625
1 0.334375 0.5484375 0.09765625 0.06796875
1 0.55859375 0.5625 0.08203125 0.0734375
1 0.68203125 0.434375 0.09765625 0.0734375
1 0.9328125 0.6875 0.10625 0.090625
1 0.69140625 0.92578125 0.09296875 0.09765625
1 0.928125 0.92734375 0.103125 0.08203125