0 0.51015625 0.5046875 0.9796875 0.978125
2 0.3234375 0.07578125 0.09375 0.0984375
2 0.44375 0.2125 0.0734375 0.078125
2 0.09140625 0.33125 0.0828125 0.096875
2 0.81484375 0.0890625 0.0875 0.0828125
1 0.56171875 0.08984375 0.0796875 0.0890625
1 0.68671875 0.215625 0.0984375 0.0890625
2 0.79453125 0.33125 0.0765625 0.0734375
1 0.56875 0.3296875 0.078125 0.08125
1 0.32578125 0.33125 0.0828125 0.0765625
2 0.44453125 0.44921875 0.0828125 0.0890625
2 0.68203125 0.44765625 0.0921875 0.09375
2 0.43984375 0.9171875 0.0875 0.10625
1 0.20859375 0.6875 0.0765625 0.090625
1 0.56796875 0.57578125 0.096875 0.0875
1 0.9234375 0.68125 0.09375 0.0890625
1 0.91875 0.915625 0.09375 0.0859375