0 0.50078125 0.50390625 0.97578125 0.96875
2 0.80703125 0.078125 0.08359375 0.08515625
2 0.0640625 0.0984375 0.09453125 0.0890625
2 0.07890625 0.33046875 0.08515625 0.0890625
1 0.19921875 0.47265625 0.1046875 0.0859375
1 0.3375 0.55859375 0.09453125 0.090625
2 0.08125 0.5765625 0.0890625 0.08359375
2 0.196875 0.6828125 0.07890625 0.08203125
1 0.0890625 0.81484375 0.09296875 0.09609375
1 0.6875 0.43671875 0.1015625 0.1046875
1 0.3296875 0.315625 0.1046875 0.1078125
1 0.45 0.45078125 0.08515625 0.08203125
1 0.55859375 0.55859375 0.0734375 0.0875
1 0.93359375 0.6765625 0.07890625 0.0921875
1 0.68828125 0.91171875 0.1078125 0.09453125
1 0.92578125 0.909375 0.09453125 0.08515625
2 0.44296875 0.68828125 0.08515625 0.0875
2 0.6796875 0.66640625 0.0890625 0.0859375
2 0.5609375 0.3125 0.0890625 0.08203125
2 0.2125 0.93671875 0.0859375 0.0859375
2 0.45234375 0.91796875 0.08203125 0.0875