0 0.5 0.5 1 1
2 0.0359375 0.13671875 0.071875 0.0984375
2 0.06328125 0.37578125 0.0890625 0.0890625
2 0.0890625 0.62109375 0.096875 0.096875
2 0.215625 0.728125 0.0890625 0.1015625
1 0.11484375 0.8484375 0.1046875 0.109375
2 0.2515625 0.95625 0.096875 0.0875
2 0.4953125 0.93125 0.090625 0.0984375
2 0.46015625 0.703125 0.0953125 0.1015625
2 0.7015625 0.66171875 0.109375 0.109375
2 0.775 0.05078125 0.0921875 0.096875
1 0.3140625 0.33046875 0.1015625 0.10625
1 0.19296875 0.49296875 0.1015625 0.109375
1 0.33984375 0.5703125 0.1046875 0.1046875
1 0.44296875 0.45859375 0.090625 0.10625
1 0.684375 0.41953125 0.090625 0.090625
2 0.55078125 0.31484375 0.1 0.10625
1 0.565625 0.56015625 0.0921875 0.096875
1 0.94140625 0.6421875 0.1171875 0.1125
1 0.7265625 0.9 0.109375 0.1171875
1 0.9625 0.88046875 0.075 0.1109375