0 0.5 0.5 1 1
2 0.0828125 0.071875 0.0734375 0.0765625
2 0.34296875 0.071875 0.0796875 0.0796875
1 0.59453125 0.09296875 0.084375 0.090625
2 0.8234375 0.10546875 0.0734375 0.0796875
2 0.21328125 0.18046875 0.0765625 0.078125
2 0.0890625 0.31015625 0.078125 0.0765625
2 0.33203125 0.325 0.0734375 0.078125
1 0.8203125 0.3359375 0.084375 0.0921875
1 0.93671875 0.4671875 0.0828125 0.0875
2 0.69140625 0.4671875 0.0703125 0.0765625
1 0.20859375 0.44296875 0.0828125 0.0828125
1 0.33125 0.54375 0.1015625 0.1
2 0.57109375 0.5640625 0.0796875 0.075
2 0.4359375 0.6875 0.0734375 0.0875
2 0.8015625 0.584375 0.0734375 0.0734375
2 0.92265625 0.70078125 0.075 0.078125
2 0.7875 0.8109375 0.0734375 0.078125
1 0.6859375 0.6875 0.08125 0.0828125
1 0.91875 0.93671875 0.0859375 0.0875
1 0.675 0.928125 0.0890625 0.090625
1 0.56015625 0.8171875 0.0859375 0.0921875
1 0.32109375 0.79609375 0.0953125 0.0921875
1 0.20078125 0.67265625 0.084375 0.0828125
1 0.07265625 0.78359375 0.09375 0.0875