0 0.5 0.5 1 1
2 0.1296875 0.04296875 0.09375 0.0859375
2 0.1140625 0.275 0.13125 0.1265625
2 0.0765625 0.5234375 0.1140625 0.121875
2 0.16484375 0.6421875 0.0859375 0.1015625
2 0.41328125 0.68046875 0.090625 0.09375
2 0.65625 0.69921875 0.1109375 0.1
2 0.871875 0.134375 0.096875 0.1
2 0.6015625 0.32890625 0.109375 0.0984375
2 0.14921875 0.89609375 0.1203125 0.109375
2 0.38984375 0.91171875 0.084375 0.09375
1 0.04765625 0.73828125 0.0953125 0.1078125
1 0.2 0.41953125 0.084375 0.1015625
1 0.35234375 0.284375 0.0921875 0.0890625
1 0.45546875 0.4484375 0.1078125 0.103125
1 0.32890625 0.525 0.10625 0.08125
1 0.54921875 0.5703125 0.0921875 0.084375
1 0.6890625 0.46015625 0.10625 0.0859375
1 0.90234375 0.74609375 0.1171875 0.1046875
1 0.6296875 0.946875 0.10625 0.10625
1 0.86484375 0.9671875 0.1140625 0.065625