0 0.50078125 0.50234375 0.953125 0.99296875
2 0.32890625 0.078125 0.075 0.0734375
2 0.2109375 0.446875 0.0734375 0.0875
2 0.08828125 0.56875 0.071875 0.0703125
2 0.20703125 0.6734375 0.06953125 0.0734375
2 0.07265625 0.78984375 0.06953125 0.06640625
2 0.3234375 0.55859375 0.06796875 0.0765625
2 0.45390625 0.44375 0.0703125 0.0703125
2 0.5609375 0.56015625 0.06953125 0.0703125
2 0.6875 0.43203125 0.0703125 0.075
2 0.68125 0.68984375 0.0734375 0.0703125
2 0.79765625 0.56875 0.0625 0.06484375
2 0.9265625 0.4625 0.06953125 0.06484375