0 0.5 0.5 0.9875 1
2 0.34375 0.07265625 0.078125 0.0765625
2 0.21328125 0.43671875 0.0765625 0.090625
2 0.0859375 0.5546875 0.075 0.0734375
2 0.20078125 0.66328125 0.071875 0.0765625
2 0.0625 0.775 0.071875 0.06875
2 0.321875 0.55234375 0.0703125 0.078125
2 0.45625 0.4421875 0.0734375 0.0734375
2 0.55859375 0.5625 0.071875 0.0734375
2 0.68984375 0.43828125 0.0734375 0.078125
2 0.67421875 0.69609375 0.0765625 0.0734375
2 0.7953125 0.57890625 0.0640625 0.0671875
2 0.92734375 0.47734375 0.071875 0.0671875