0 0.4984375 0.5046875 0.99375 0.96171875
2 0.0640625 0.09921875 0.071875 0.07890625
2 0.32265625 0.0859375 0.0703125 0.0765625
1 0.578125 0.09765625 0.0875 0.08203125
2 0.81328125 0.096875 0.06796875 0.06640625
2 0.2015625 0.20546875 0.06953125 0.06953125
2 0.08046875 0.33828125 0.0703125 0.0703125
2 0.32421875 0.33828125 0.075 0.071875
1 0.81484375 0.33125 0.075 0.08046875
1 0.19765625 0.4703125 0.0703125 0.075
2 0.69375 0.46484375 0.06953125 0.06796875
1 0.9359375 0.453125 0.08203125 0.078125
1 0.3390625 0.5578125 0.0765625 0.075
2 0.5765625 0.56875 0.06796875 0.07890625
2 0.81171875 0.57578125 0.0765625 0.07890625
2 0.94140625 0.6875 0.075 0.0765625
1 0.70546875 0.6859375 0.0734375 0.07890625
2 0.4515625 0.696875 0.08046875 0.0765625
1 0.20859375 0.69296875 0.06953125 0.0703125
1 0.08828125 0.81484375 0.08046875 0.0765625
1 0.33125 0.80703125 0.0765625 0.08359375
1 0.58203125 0.82109375 0.06953125 0.071875
2 0.8109375 0.8046875 0.075 0.0734375
1 0.69921875 0.93046875 0.078125 0.0734375
1 0.94296875 0.925 0.0875 0.08515625