0 0.49921875 0.5 0.9984375 0.971875
2 0.08359375 0.07578125 0.0765625 0.0890625
2 0.08515625 0.31640625 0.07890625 0.07890625
2 0.0765625 0.5625 0.08515625 0.08515625
2 0.18671875 0.68671875 0.0765625 0.0921875
1 0.0703125 0.79140625 0.0921875 0.09765625
2 0.1890625 0.92734375 0.08359375 0.09609375
2 0.43515625 0.9265625 0.07890625 0.0890625
2 0.43203125 0.6953125 0.08359375 0.090625
2 0.67734375 0.68828125 0.09609375 0.09765625
2 0.83515625 0.09375 0.08046875 0.0859375
1 0.33984375 0.30625 0.0890625 0.09453125
1 0.196875 0.45 0.0890625 0.09765625
1 0.33125 0.54765625 0.0921875 0.0921875
1 0.44921875 0.45078125 0.078125 0.09609375
1 0.69375 0.44609375 0.08046875 0.08046875
2 0.57578125 0.3234375 0.0875 0.09453125
1 0.55625 0.56875 0.08046875 0.0859375
1 0.92109375 0.703125 0.11171875 0.09765625
1 0.66875 0.92734375 0.09609375 0.1046875
1 0.91875 0.94296875 0.0890625 0.09921875