0 0.5 0.5 1 1
2 0.7609375 0.0484375 0.0921875 0.09375
2 0.0375 0.14609375 0.075 0.0984375
2 0.06328125 0.37578125 0.09375 0.096875
1 0.19765625 0.50390625 0.1125 0.096875
1 0.34453125 0.575 0.103125 0.1
2 0.09140625 0.61953125 0.096875 0.0921875
2 0.21796875 0.71328125 0.0875 0.0890625
1 0.12421875 0.85625 0.103125 0.1046875
1 0.6796875 0.4171875 0.1125 0.1140625
1 0.31171875 0.334375 0.115625 0.11875
1 0.4453125 0.45625 0.09375 0.090625
1 0.5640625 0.55234375 0.0828125 0.0953125
1 0.95 0.63046875 0.0875 0.1
1 0.73046875 0.88984375 0.1171875 0.1046875
1 0.95703125 0.86171875 0.0859375 0.0953125
2 0.46328125 0.69296875 0.09375 0.0953125
2 0.69609375 0.646875 0.096875 0.0953125
2 0.540625 0.30703125 0.096875 0.090625
2 0.259375 0.95859375 0.09375 0.0828125
2 0.49609375 0.9203125 0.090625 0.0953125