0 0.503125 0.49921875 0.96171875 0.9953125
2 0.45 0.2046875 0.1078125 0.09609375
2 0.08828125 0.31640625 0.103125 0.08203125
2 0.57109375 0.3296875 0.0703125 0.0703125
2 0.80703125 0.33203125 0.0765625 0.09296875
1 0.32421875 0.5578125 0.078125 0.1
1 0.19921875 0.6765625 0.1046875 0.0859375
2 0.434375 0.675 0.090625 0.0890625
2 0.6734375 0.93203125 0.08046875 0.07890625
1 0.79296875 0.56875 0.08203125 0.0875
1 0.68125 0.690625 0.09609375 0.09453125
1 0.80625 0.81484375 0.09296875 0.09453125
1 0.9234375 0.9265625 0.09609375 0.08515625