0 0.5 0.5 1 1
2 0.1296875 0.0359375 0.08125 0.071875
2 0.3890625 0.0578125 0.0875 0.0875
1 0.63671875 0.1046875 0.0921875 0.096875
2 0.86328125 0.14140625 0.08125 0.0859375
2 0.2484375 0.15234375 0.084375 0.0859375
2 0.1109375 0.26796875 0.0859375 0.084375
2 0.3515625 0.30859375 0.08125 0.084375
1 0.83515625 0.3703125 0.09375 0.0984375
1 0.9375 0.51328125 0.090625 0.0953125
2 0.69375 0.4875 0.0765625 0.0828125
1 0.21640625 0.41328125 0.090625 0.0890625
1 0.32734375 0.52578125 0.109375 0.1078125
2 0.5640625 0.57109375 0.0859375 0.08125
2 0.4171875 0.6796875 0.08125 0.09375
2 0.790625 0.615625 0.0796875 0.0796875
2 0.9 0.74375 0.0828125 0.0859375
2 0.753125 0.8390625 0.08125 0.084375
1 0.66484375 0.70546875 0.0875 0.090625
1 0.8703125 0.96484375 0.09375 0.0703125
1 0.62890625 0.94453125 0.096875 0.0984375
1 0.5265625 0.82109375 0.0953125 0.1
1 0.29140625 0.77578125 0.103125 0.1
1 0.184375 0.640625 0.0921875 0.0890625
1 0.04765625 0.7375 0.0953125 0.096875