0 0.50078125 0.49296875 0.98984375 0.9546875
1 0.06875 0.09296875 0.09453125 0.1
1 0.0859375 0.34375 0.09765625 0.08515625
1 0.19921875 0.22265625 0.08203125 0.078125
1 0.31640625 0.0921875 0.09296875 0.08515625
1 0.44296875 0.21484375 0.0859375 0.0734375
1 0.325 0.3328125 0.09921875 0.08359375
1 0.57265625 0.32734375 0.0875 0.08046875
1 0.5609375 0.084375 0.0890625 0.0890625
1 0.6796875 0.20859375 0.09453125 0.0921875
1 0.8046875 0.32421875 0.08515625 0.0921875
1 0.80078125 0.08203125 0.0890625 0.0875
1 0.921875 0.21015625 0.090625 0.0921875