0 0.5 0.5 1 1
2 0.37890625 0.22109375 0.1125 0.1109375
2 0.0515625 0.42421875 0.103125 0.0984375
2 0.5234375 0.315625 0.090625 0.090625
2 0.7484375 0.2578125 0.1046875 0.0890625
2 0.47734375 0.68125 0.0953125 0.090625
2 0.76640625 0.87109375 0.1125 0.1015625
1 0.253125 0.74140625 0.1203125 0.11875
1 0.3484375 0.59921875 0.1328125 0.11875
1 0.71953125 0.63828125 0.1015625 0.1140625
1 0.80859375 0.4890625 0.1109375 0.1015625
1 0.85703125 0.72734375 0.1171875 0.1125
1 0.97890625 0.81171875 0.0421875 0.0953125