0 0.5 0.5 1 1
1 0.13828125 0.04375 0.1046875 0.0875
1 0.10390625 0.27421875 0.0984375 0.09375
1 0.24453125 0.18359375 0.0890625 0.0953125
1 0.35390625 0.31484375 0.109375 0.0921875
1 0.38203125 0.07265625 0.0859375 0.1046875
1 0.48671875 0.2078125 0.1140625 0.1046875
1 0.6265625 0.1015625 0.1046875 0.115625
1 0.7265625 0.23671875 0.0921875 0.1109375
1 0.5921875 0.34765625 0.096875 0.1109375
1 0.86640625 0.13828125 0.109375 0.103125
1 0.96015625 0.28046875 0.0796875 0.0890625
1 0.83125 0.38359375 0.109375 0.0890625