0 0.5 0.48828125 1 0.96328125
1 0.10390625 0.05625 0.09453125 0.0875
1 0.09453125 0.3109375 0.1015625 0.1046875
1 0.221875 0.2 0.1015625 0.0921875
1 0.3234375 0.32734375 0.08203125 0.0859375
1 0.44921875 0.44140625 0.075 0.08515625
1 0.33515625 0.5546875 0.09296875 0.103125
1 0.44296875 0.67421875 0.0765625 0.07890625
1 0.69609375 0.459375 0.075 0.09921875
1 0.6890625 0.6828125 0.08359375 0.0703125
1 0.81484375 0.57265625 0.09921875 0.115625
1 0.9296875 0.46875 0.0921875 0.1171875
1 0.91796875 0.70078125 0.09921875 0.10625