0 0.5 0.5 1 1
2 0.8984375 0.184375 0.096875 0.09375
1 0.67265625 0.11953125 0.0984375 0.0984375
2 0.43203125 0.0546875 0.1046875 0.1015625
2 0.1765625 0.021875 0.096875 0.04375
2 0.2828125 0.13359375 0.090625 0.0875
2 0.13125 0.228125 0.0859375 0.084375
2 0.37109375 0.29375 0.0859375 0.0921875
1 0.83828125 0.40625 0.096875 0.1046875
1 0.93359375 0.56640625 0.0921875 0.090625
1 0.20625 0.38671875 0.0890625 0.090625
2 0.690625 0.50703125 0.0828125 0.090625
1 0.32109375 0.5140625 0.096875 0.0890625
2 0.546875 0.5796875 0.1078125 0.1078125
2 0.7734375 0.64609375 0.1 0.0953125
2 0.86875 0.790625 0.0875 0.0875
1 0.64140625 0.72578125 0.096875 0.0953125
2 0.39296875 0.67578125 0.0875 0.096875
1 0.1671875 0.60859375 0.0953125 0.1
1 0.0296875 0.69453125 0.059375 0.0953125
1 0.2546875 0.75546875 0.09375 0.0953125
1 0.4859375 0.82734375 0.1 0.103125
2 0.71171875 0.8703125 0.1015625 0.1046875
1 0.57265625 0.95703125 0.0984375 0.0859375
1 0.8140625 0.98828125 0.103125 0.0234375