0 0.50078125 0.503125 0.95625 0.98984375
1 0.08671875 0.0703125 0.09453125 0.115625
1 0.0890625 0.32421875 0.0734375 0.08046875
1 0.2109375 0.20390625 0.09609375 0.1046875
1 0.32734375 0.3359375 0.103125 0.0859375
1 0.44296875 0.4484375 0.11015625 0.090625
1 0.328125 0.55859375 0.08515625 0.08203125
1 0.4375 0.67109375 0.09765625 0.08359375
1 0.6828125 0.45625 0.11015625 0.103125
1 0.690625 0.68515625 0.06953125 0.075
1 0.80703125 0.57109375 0.0875 0.08515625
1 0.9296875 0.46484375 0.0859375 0.0765625
1 0.915625 0.69609375 0.0921875 0.0859375