0 0.5 0.5 1 1
2 0.0609375 0.4 0.115625 0.11875
2 0.25234375 0.10625 0.103125 0.103125
2 0.3953125 0.22421875 0.0953125 0.09375
2 0.74296875 0.04375 0.1109375 0.0875
2 0.4296875 0.45625 0.10625 0.1015625
2 0.675 0.41796875 0.1046875 0.1
2 0.7625 0.27734375 0.1109375 0.1
2 0.51953125 0.92265625 0.1015625 0.1078125
1 0.29609375 0.36328125 0.0953125 0.109375
1 0.49296875 0.08125 0.0875 0.0953125
1 0.63671875 0.18125 0.10625 0.10625
1 0.54140625 0.31171875 0.1015625 0.1140625
1 0.58125 0.55859375 0.0984375 0.0953125
1 0.24453125 0.73359375 0.1046875 0.103125
1 0.95234375 0.60625 0.0953125 0.1
1 0.97109375 0.83828125 0.0578125 0.0953125