2 0.31953125 0.07421875 0.0875 0.0890625
2 0.81015625 0.07734375 0.115625 0.0921875
2 0.07734375 0.33046875 0.078125 0.08046875
2 0.44453125 0.2171875 0.08046875 0.08359375
2 0.43984375 0.446875 0.0765625 0.0765625
2 0.6890625 0.44921875 0.0921875 0.08359375
2 0.796875 0.32421875 0.08046875 0.08046875
1 0.3171875 0.3359375 0.078125 0.08359375
1 0.57421875 0.3296875 0.09296875 0.07890625
1 0.55546875 0.0890625 0.08515625 0.0875
1 0.6828125 0.2046875 0.08515625 0.0765625
1 0.20703125 0.6828125 0.06328125 0.08203125
1 0.56875 0.5734375 0.08515625 0.0859375
1 0.928125 0.678125 0.09765625 0.09453125
2 0.44921875 0.92421875 0.06328125 0.078125
1 0.9328125 0.915625 0.09765625 0.09765625
0 0.496875 0.50078125 0.9859375 0.9671875