0 0.4984375 0.50234375 0.9734375 0.9953125
2 0.8171875 0.103125 0.08203125 0.0765625
1 0.5828125 0.090625 0.08203125 0.08203125
2 0.33359375 0.08125 0.0875 0.08359375
2 0.07109375 0.0796875 0.08046875 0.08359375
2 0.20625 0.19140625 0.0765625 0.071875
2 0.0796875 0.31796875 0.071875 0.0703125
2 0.328125 0.328125 0.0703125 0.07890625
1 0.80859375 0.3328125 0.07890625 0.0890625
1 0.9375 0.4671875 0.0765625 0.075
1 0.18828125 0.45546875 0.0734375 0.0765625
2 0.6875 0.4640625 0.06796875 0.0765625
1 0.32890625 0.55390625 0.08359375 0.071875
2 0.56328125 0.5671875 0.0890625 0.090625
2 0.79921875 0.58046875 0.08515625 0.078125
2 0.925 0.7 0.0734375 0.0734375
1 0.68828125 0.68828125 0.08203125 0.078125
2 0.43515625 0.6953125 0.0703125 0.08359375
1 0.2 0.68046875 0.078125 0.08515625
1 0.06875 0.8 0.078125 0.08046875
1 0.31875 0.80390625 0.078125 0.08046875
1 0.56015625 0.821875 0.08203125 0.0875
2 0.78984375 0.81328125 0.08359375 0.0875
1 0.675 0.93359375 0.08359375 0.0765625
1 0.925 0.940625 0.0875 0.07890625