0 0.50625 0.50234375 0.94140625 0.98671875
2 0.309375 0.08515625 0.0734375 0.08515625
2 0.20390625 0.4609375 0.06484375 0.06484375
2 0.09140625 0.5890625 0.078125 0.071875
2 0.08515625 0.81015625 0.0734375 0.0765625
2 0.215625 0.69296875 0.06328125 0.0703125
2 0.32578125 0.56484375 0.06953125 0.075
2 0.44609375 0.44609375 0.06953125 0.075
2 0.5640625 0.55703125 0.06796875 0.0703125
2 0.6890625 0.68359375 0.06953125 0.075
2 0.68359375 0.421875 0.06640625 0.071875
2 0.80234375 0.55078125 0.078125 0.071875
2 0.92109375 0.4359375 0.075 0.06953125