0 0.4984375 0.5015625 0.94609375 0.996875
2 0.084375 0.31328125 0.0921875 0.0921875
2 0.45390625 0.20859375 0.0734375 0.0859375
2 0.57265625 0.33515625 0.06796875 0.0765625
2 0.81796875 0.33828125 0.09765625 0.08359375
1 0.32265625 0.56171875 0.090625 0.09921875
1 0.2015625 0.6734375 0.1 0.07890625
2 0.43984375 0.68359375 0.08203125 0.0859375
2 0.67109375 0.94140625 0.06328125 0.08046875
1 0.8015625 0.584375 0.09609375 0.09453125
1 0.684375 0.70234375 0.09921875 0.08359375
1 0.80390625 0.8265625 0.075 0.0921875
1 0.91171875 0.94140625 0.1078125 0.09609375