0 0.5 0.5 1 1
1 0.209375 0.14375 0.0796875 0.08125
1 0.440625 0.08125 0.084375 0.09375
2 0.6734375 0.03203125 0.084375 0.0640625
1 0.1234375 0.30859375 0.0859375 0.0859375
1 0.35546875 0.2265625 0.078125 0.0875
2 0.74375 0.25 0.0875 0.0875
1 0.04375 0.446875 0.0875 0.096875
1 0.275 0.3875 0.0828125 0.0875
2 0.42890625 0.4625 0.0828125 0.084375
1 0.653125 0.41640625 0.0859375 0.0875
2 0.89921875 0.33046875 0.0859375 0.08125
2 0.275 0.76484375 0.09375 0.09375
2 0.48359375 0.69296875 0.0859375 0.0890625
1 0.7234375 0.63046875 0.08125 0.08125
1 0.4078125 0.840625 0.0890625 0.0890625
2 0.1765625 0.9265625 0.0953125 0.0984375
2 0.32734375 0.97734375 0.0921875 0.0453125
2 0.77890625 0.86171875 0.090625 0.096875