0 0.4875 0.49921875 0.975 0.9796875
1 0.065625 0.0796875 0.075 0.08359375
1 0.3140625 0.07109375 0.06796875 0.071875
1 0.55546875 0.07734375 0.0703125 0.071875
2 0.8 0.09296875 0.09296875 0.08203125
1 0.1921875 0.2046875 0.0734375 0.08203125
1 0.43125 0.19375 0.0734375 0.0765625
1 0.06953125 0.31953125 0.0765625 0.06796875
1 0.31328125 0.3375 0.08359375 0.08046875
2 0.7953125 0.328125 0.071875 0.07890625
2 0.43828125 0.4390625 0.08515625 0.08359375
2 0.92578125 0.44765625 0.06953125 0.078125
1 0.66796875 0.46484375 0.071875 0.0765625
1 0.6734375 0.68359375 0.06953125 0.075
2 0.665625 0.92109375 0.071875 0.078125
2 0.428125 0.68125 0.075 0.07890625
1 0.315625 0.80625 0.0703125 0.0734375
2 0.2078125 0.690625 0.0734375 0.08359375
2 0.06484375 0.81953125 0.08203125 0.0859375
2 0.19609375 0.93125 0.078125 0.08359375