0 0.48984375 0.50234375 0.97109375 0.97109375
1 0.07109375 0.0859375 0.071875 0.071875
1 0.31875 0.078125 0.075 0.075
1 0.5546875 0.0796875 0.0703125 0.071875
1 0.80703125 0.08984375 0.071875 0.078125
1 0.196875 0.21171875 0.0765625 0.071875
1 0.43828125 0.2015625 0.0734375 0.06953125
1 0.66640625 0.22890625 0.08359375 0.06796875
1 0.07578125 0.3234375 0.075 0.0734375
1 0.31640625 0.33125 0.0875 0.06640625
1 0.56328125 0.32421875 0.08359375 0.08046875
2 0.91875 0.4453125 0.08203125 0.0765625
1 0.78828125 0.5703125 0.071875 0.08359375
1 0.56015625 0.56328125 0.06796875 0.075
2 0.428125 0.67578125 0.071875 0.0765625
2 0.20625 0.68828125 0.08515625 0.075
2 0.07265625 0.815625 0.075 0.0765625
2 0.3125 0.78828125 0.0765625 0.08046875
2 0.5484375 0.7921875 0.0703125 0.08203125
2 0.196875 0.925 0.071875 0.0703125
2 0.42734375 0.9234375 0.07890625 0.07890625
2 0.66328125 0.91875 0.0734375 0.075
2 0.90390625 0.91953125 0.08515625 0.08359375