0 0.5 0.5 1 1
1 0.11015625 0.04921875 0.0796875 0.09375
1 0.36171875 0.05703125 0.0859375 0.0859375
2 0.59765625 0.09296875 0.0859375 0.0890625
2 0.8359375 0.1234375 0.08125 0.0890625
1 0.2234375 0.18203125 0.0796875 0.0796875
2 0.471875 0.19375 0.0859375 0.0796875
2 0.8171875 0.3609375 0.0734375 0.078125
1 0.0890625 0.2859375 0.0875 0.0859375
1 0.3265625 0.31328125 0.0796875 0.0796875
2 0.92421875 0.490625 0.0828125 0.0859375
2 0.20390625 0.42421875 0.0859375 0.0953125
2 0.4390625 0.44140625 0.0875 0.078125
1 0.6640625 0.48671875 0.084375 0.0921875
1 0.65234375 0.70078125 0.0921875 0.0890625
1 0.75234375 0.84140625 0.0828125 0.0921875
1 0.86875 0.9625 0.10625 0.075
1 0.28515625 0.7796875 0.06875 0.071875
2 0.19375 0.6640625 0.0859375 0.0796875
2 0.04140625 0.77109375 0.0828125 0.0890625