0 0.5 0.5 1 1
1 0.01328125 0.2015625 0.0265625 0.115625
1 0.2171875 0.1375 0.09375 0.0921875
1 0.45 0.08046875 0.0765625 0.0921875
2 0.690625 0.03828125 0.0875 0.0765625
2 0.74921875 0.26015625 0.0984375 0.0953125
2 0.90703125 0.34765625 0.0953125 0.09375
1 0.60078125 0.2 0.0859375 0.0921875
1 0.36015625 0.22578125 0.0859375 0.0890625
1 0.1296875 0.29765625 0.1015625 0.090625
1 0.04375 0.43359375 0.0875 0.1109375
1 0.27734375 0.39140625 0.0875 0.0953125
1 0.51796875 0.31953125 0.090625 0.0921875
2 0.428125 0.46796875 0.0765625 0.090625
1 0.7125 0.6375 0.08125 0.0984375
2 0.7640625 0.871875 0.084375 0.09375
2 0.47421875 0.69921875 0.0875 0.0953125
2 0.26171875 0.7609375 0.075 0.0765625
2 0.16015625 0.9203125 0.0953125 0.103125
2 0.30625 0.97890625 0.084375 0.0421875