0 0.5 0.50546875 1 0.9796875
1 0.0671875 0.08359375 0.0890625 0.090625
1 0.31640625 0.07421875 0.0828125 0.0859375
1 0.55625 0.07578125 0.0734375 0.078125
1 0.8078125 0.08828125 0.090625 0.0875
1 0.92109375 0.20390625 0.08125 0.0828125
1 0.665625 0.2265625 0.0796875 0.0828125
1 0.7984375 0.3296875 0.08125 0.0765625
1 0.43125 0.19375 0.08125 0.08125
1 0.190625 0.20546875 0.0890625 0.08125
1 0.06796875 0.3234375 0.078125 0.0796875
1 0.30703125 0.33125 0.08125 0.0796875
1 0.5578125 0.31875 0.0875 0.075
2 0.21015625 0.6890625 0.078125 0.0828125
2 0.4296875 0.6796875 0.08125 0.071875
2 0.6765625 0.696875 0.0828125 0.078125
2 0.9171875 0.68203125 0.0734375 0.0734375
2 0.06875 0.821875 0.0875 0.0828125
2 0.30859375 0.79375 0.071875 0.0828125
2 0.54921875 0.796875 0.075 0.075
2 0.79375 0.8 0.078125 0.0859375
2 0.196875 0.93125 0.0859375 0.08125
2 0.425 0.928125 0.08125 0.0875
2 0.6671875 0.921875 0.078125 0.0859375
2 0.909375 0.92421875 0.0921875 0.08125