0 0.49296875 0.50546875 0.9796875 0.9515625
1 0.06328125 0.09609375 0.071875 0.08203125
1 0.31171875 0.08046875 0.0578125 0.0734375
1 0.546875 0.0796875 0.06484375 0.0609375
2 0.78515625 0.0875 0.06328125 0.0765625
1 0.18984375 0.215625 0.06796875 0.075
1 0.42890625 0.20078125 0.06640625 0.06796875
1 0.07109375 0.3296875 0.06640625 0.0625
1 0.30859375 0.33984375 0.06953125 0.075
2 0.4359375 0.44296875 0.071875 0.06953125
2 0.79140625 0.33125 0.06640625 0.0765625
2 0.9265625 0.43671875 0.0734375 0.0734375
1 0.665625 0.46328125 0.06640625 0.08046875
1 0.6734375 0.6796875 0.06640625 0.06640625
1 0.321875 0.8015625 0.06328125 0.0703125
2 0.21484375 0.6953125 0.08203125 0.07890625
2 0.43359375 0.6796875 0.06953125 0.08046875
2 0.08125 0.821875 0.075 0.08046875
2 0.2109375 0.93359375 0.0765625 0.07890625
2 0.67265625 0.9171875 0.071875 0.0859375