0 0.5 0.5 1 1
1 0.11953125 0.046875 0.071875 0.0796875
1 0.09453125 0.2828125 0.0765625 0.08125
1 0.225 0.1859375 0.084375 0.0828125
1 0.3609375 0.06640625 0.0765625 0.084375
2 0.20859375 0.42109375 0.08125 0.075
2 0.478125 0.196875 0.0734375 0.084375
2 0.5984375 0.096875 0.0765625 0.084375
2 0.828125 0.12734375 0.0828125 0.0828125
2 0.56015625 0.3390625 0.09375 0.0796875
2 0.92578125 0.49296875 0.071875 0.0828125
2 0.0453125 0.77109375 0.08125 0.0890625
2 0.18984375 0.6578125 0.084375 0.0921875
1 0.66953125 0.48828125 0.06875 0.078125
1 0.553125 0.5703125 0.08125 0.0828125
1 0.28984375 0.77734375 0.075 0.0734375
1 0.6546875 0.6984375 0.071875 0.0734375
1 0.75546875 0.83671875 0.0703125 0.075
1 0.8765625 0.959375 0.090625 0.08125