0 0.5 0.5 1 1
2 0.83046875 0.121875 0.08125 0.0890625
1 0.1046875 0.04921875 0.078125 0.0859375
1 0.35390625 0.06015625 0.0734375 0.08125
1 0.59140625 0.084375 0.071875 0.0671875
1 0.215625 0.184375 0.0828125 0.0796875
1 0.45859375 0.19296875 0.0734375 0.0828125
1 0.69375 0.24375 0.084375 0.08125
1 0.9328125 0.24453125 0.0859375 0.08125
1 0.08515625 0.28671875 0.084375 0.0828125
1 0.3265625 0.31640625 0.0734375 0.0828125
1 0.57421875 0.325 0.0890625 0.084375
2 0.92734375 0.48125 0.078125 0.0859375
1 0.55546875 0.5734375 0.084375 0.084375
1 0.7875 0.59375 0.078125 0.084375
2 0.18984375 0.66015625 0.0859375 0.0921875
2 0.4140625 0.6734375 0.078125 0.078125
2 0.04921875 0.78203125 0.0984375 0.1015625
2 0.28125 0.775 0.078125 0.0796875
2 0.52265625 0.80078125 0.0875 0.096875
2 0.159375 0.90078125 0.0859375 0.08125
2 0.3875 0.92265625 0.0875 0.0984375
2 0.63046875 0.93359375 0.078125 0.0890625