0 0.5 0.50859375 1 0.9828125
1 0.82109375 0.1109375 0.0765625 0.0828125
1 0.94609375 0.25390625 0.075 0.075
1 0.56484375 0.32890625 0.0765625 0.078125
1 0.66953125 0.46875 0.0734375 0.084375
1 0.4375 0.45 0.071875 0.084375
1 0.17734375 0.66171875 0.078125 0.0734375
1 0.41171875 0.68359375 0.08125 0.096875
1 0.6546875 0.7109375 0.084375 0.084375
1 0.290625 0.79140625 0.08125 0.0734375
1 0.390625 0.91796875 0.075 0.0796875
1 0.62578125 0.93984375 0.0703125 0.0875
1 0.88828125 0.96171875 0.0859375 0.0765625