0 0.5 0.5 1 1
2 0.89609375 0.184375 0.0875 0.103125
2 0.196875 0.47421875 0.08125 0.078125
2 0.4296875 0.45390625 0.078125 0.0796875
2 0.66171875 0.4421875 0.08125 0.0859375
2 0.915625 0.428125 0.0859375 0.090625
2 0.44140625 0.68828125 0.0796875 0.0859375
2 0.6921875 0.67421875 0.0921875 0.090625
2 0.93046875 0.659375 0.0921875 0.09375
2 0.22265625 0.95078125 0.090625 0.0828125
2 0.465625 0.93046875 0.078125 0.078125
2 0.69296875 0.9140625 0.0859375 0.0890625
2 0.9421875 0.9 0.0921875 0.0796875