0 0.48984375 0.5015625 0.9734375 0.996875
1 0.0828125 0.06953125 0.0859375 0.0890625
1 0.0734375 0.3046875 0.090625 0.0890625
1 0.33046875 0.0734375 0.0734375 0.0921875
1 0.20234375 0.20234375 0.078125 0.0828125
1 0.31875 0.328125 0.06875 0.0828125
1 0.6703125 0.46875 0.0796875 0.0765625
1 0.66875 0.69375 0.0828125 0.084375
1 0.303125 0.790625 0.090625 0.084375
1 0.778125 0.815625 0.0796875 0.08125
1 0.90859375 0.9421875 0.0828125 0.0875
2 0.0640625 0.79921875 0.0921875 0.084375
2 0.20234375 0.67890625 0.0765625 0.078125
2 0.1984375 0.4421875 0.071875 0.0734375
2 0.43828125 0.4421875 0.0765625 0.0765625
2 0.45859375 0.19609375 0.0796875 0.0671875
2 0.57265625 0.084375 0.0796875 0.08125
2 0.80859375 0.1 0.078125 0.0828125
2 0.80625 0.3390625 0.0796875 0.075
2 0.9265625 0.4578125 0.0828125 0.0921875