0 0.5 0.5 1 1
1 0.03359375 0.13125 0.0671875 0.090625
1 0.27109375 0.09921875 0.0859375 0.0828125
1 0.5109375 0.08046875 0.0875 0.1
1 0.7625 0.0578125 0.0828125 0.0953125
1 0.15703125 0.24140625 0.0765625 0.0765625
1 0.40234375 0.203125 0.08125 0.0734375
1 0.63515625 0.2109375 0.08125 0.0828125
1 0.053125 0.3671875 0.0796875 0.078125
1 0.29375 0.35546875 0.0734375 0.084375
1 0.54140625 0.31640625 0.0828125 0.0703125
2 0.91796875 0.3984375 0.08125 0.0859375
1 0.8 0.5421875 0.09375 0.0921875
1 0.56953125 0.55546875 0.0828125 0.0859375
2 0.2265625 0.71796875 0.09375 0.0796875
2 0.446875 0.68203125 0.065625 0.0765625
2 0.10390625 0.8578125 0.096875 0.0859375
2 0.33828125 0.8109375 0.084375 0.0828125
2 0.58203125 0.79296875 0.0859375 0.0921875
2 0.24140625 0.95625 0.0796875 0.0875
2 0.4671875 0.93203125 0.0828125 0.084375
2 0.7109375 0.903125 0.0890625 0.096875
2 0.9484375 0.88125 0.078125 0.090625