0 0.5 0.5 1 1
1 0.03203125 0.15390625 0.0640625 0.0984375
1 0.26328125 0.10703125 0.1015625 0.1
2 0.49921875 0.0796875 0.0796875 0.084375
2 0.73125 0.0515625 0.0828125 0.090625
1 0.15546875 0.26015625 0.0890625 0.09375
1 0.0484375 0.3890625 0.096875 0.090625
2 0.1953125 0.496875 0.084375 0.090625
2 0.40078125 0.21171875 0.0875 0.0890625
2 0.5171875 0.32421875 0.0890625 0.0859375
2 0.91171875 0.3921875 0.0890625 0.0828125
2 0.24140625 0.7296875 0.09375 0.1
2 0.11796875 0.8734375 0.0828125 0.090625