0 0.49765625 0.5 0.9953125 1
2 0.80234375 0.09453125 0.08125 0.0828125
2 0.92578125 0.45078125 0.084375 0.0734375
1 0.79140625 0.578125 0.0875 0.0921875
1 0.67109375 0.69375 0.0828125 0.0953125
1 0.77890625 0.80703125 0.0734375 0.075
1 0.078125 0.31796875 0.0890625 0.078125
1 0.0796875 0.08515625 0.096875 0.096875
1 0.32265625 0.0796875 0.0875 0.090625
1 0.1921875 0.2046875 0.090625 0.09375
1 0.4359375 0.20078125 0.0796875 0.0921875
1 0.56328125 0.08046875 0.0734375 0.078125
1 0.67265625 0.2328125 0.075 0.0734375
1 0.31171875 0.32890625 0.09375 0.0828125
1 0.56875 0.32578125 0.0734375 0.0765625
2 0.203125 0.68515625 0.06875 0.084375
2 0.06171875 0.8109375 0.08125 0.08125
2 0.30234375 0.78984375 0.0734375 0.0734375
2 0.43203125 0.68515625 0.084375 0.0859375
2 0.1859375 0.9265625 0.0734375 0.0734375
2 0.41640625 0.928125 0.0765625 0.0890625
2 0.54453125 0.8 0.075 0.08125
2 0.6625 0.92578125 0.071875 0.0796875