0 0.5 0.5 1 1
2 0.709375 0.04609375 0.090625 0.0921875
2 0.909375 0.36328125 0.09375 0.0875
1 0.02109375 0.1765625 0.0421875 0.10625
1 0.234375 0.115625 0.084375 0.090625
1 0.471875 0.0734375 0.071875 0.0765625
1 0.13828125 0.2703125 0.084375 0.0875
1 0.37421875 0.2171875 0.0828125 0.0875
1 0.60859375 0.2 0.078125 0.0828125
1 0.04375 0.40390625 0.0859375 0.0921875
1 0.28046875 0.371875 0.0859375 0.0890625
1 0.52578125 0.31484375 0.0859375 0.090625
2 0.24921875 0.73984375 0.096875 0.0890625
2 0.13828125 0.89375 0.090625 0.0953125
2 0.36796875 0.82578125 0.0890625 0.0953125
2 0.46171875 0.68828125 0.0875 0.0890625
2 0.60390625 0.784375 0.0859375 0.090625
2 0.28125 0.96640625 0.078125 0.0671875
2 0.5046875 0.934375 0.0890625 0.0953125
2 0.74375 0.8796875 0.0890625 0.090625
1 0.8 0.515625 0.0890625 0.0953125
1 0.7078125 0.64921875 0.0859375 0.0890625
1 0.84375 0.75546875 0.0828125 0.084375