0 0.5 0.5 1 1
1 0.03125 0.13046875 0.0625 0.0765625
1 0.05078125 0.3734375 0.078125 0.0703125
1 0.15859375 0.24609375 0.0890625 0.084375
1 0.27265625 0.1 0.0859375 0.078125
1 0.4 0.2078125 0.0765625 0.0796875
1 0.2953125 0.35859375 0.075 0.075
1 0.54296875 0.3234375 0.084375 0.08125
1 0.51015625 0.075 0.0734375 0.075
1 0.63515625 0.21328125 0.078125 0.075
1 0.76328125 0.05859375 0.078125 0.0875
1 0.88671875 0.165625 0.0875 0.0765625
1 0.91640625 0.41953125 0.0796875 0.0703125
2 0.80234375 0.5375 0.075 0.0734375
2 0.2265625 0.72265625 0.0796875 0.075
2 0.103125 0.86640625 0.1015625 0.0875
2 0.44765625 0.68671875 0.0875 0.0828125
2 0.3375 0.8125 0.075 0.0828125
2 0.2375 0.95859375 0.078125 0.0828125
2 0.47265625 0.93671875 0.0890625 0.0953125
2 0.57890625 0.7953125 0.0890625 0.0890625
2 0.6953125 0.67734375 0.0734375 0.0796875
2 0.709375 0.90703125 0.0703125 0.08125
2 0.8265625 0.775 0.0875 0.0953125
2 0.95234375 0.88359375 0.071875 0.0828125