0 0.4921875 0.49609375 0.940625 0.9921875
1 0.0828125 0.0671875 0.075 0.08125
1 0.33125 0.06953125 0.075 0.078125
1 0.575 0.08203125 0.078125 0.078125
1 0.82890625 0.1 0.078125 0.084375
1 0.86328125 0.1421875 0.009375 0.0015625
1 0.20078125 0.19609375 0.0765625 0.078125
1 0.44921875 0.20078125 0.078125 0.0734375
1 0.67734375 0.2328125 0.0765625 0.071875
1 0.8078125 0.36015625 0.0859375 0.0859375
1 0.078125 0.30546875 0.0765625 0.065625
1 0.3203125 0.325 0.075 0.0765625
1 0.56875 0.3234375 0.0609375 0.059375
1 0.93046875 0.475 0.0765625 0.0734375
2 0.67578125 0.459375 0.0734375 0.0765625
2 0.20625 0.6796875 0.0765625 0.075
2 0.4234375 0.675 0.075 0.06875
2 0.67265625 0.7015625 0.084375 0.08125
2 0.06015625 0.80234375 0.0625 0.071875
2 0.303125 0.78671875 0.06875 0.06875
2 0.5421875 0.7984375 0.065625 0.071875
2 0.7859375 0.8109375 0.0734375 0.071875
2 0.18203125 0.91875 0.075 0.0734375
2 0.41171875 0.928125 0.06875 0.08125
2 0.65546875 0.9265625 0.078125 0.084375
2 0.89375 0.93671875 0.0734375 0.078125