0 0.5 0.5 1 1
1 0.4796875 0.92578125 0.084375 0.090625
1 0.23671875 0.95625 0.0859375 0.0875
2 0.1015625 0.85703125 0.0859375 0.0875
1 0.08203125 0.60546875 0.0859375 0.0796875
1 0.05703125 0.36875 0.090625 0.0875
2 0.29375 0.3484375 0.084375 0.084375
2 0.6515625 0.2 0.0796875 0.0859375
2 0.2265625 0.71328125 0.0890625 0.0859375
1 0.69453125 0.6671875 0.078125 0.0921875
2 0.4609375 0.69140625 0.0859375 0.0921875
2 0.33515625 0.58125 0.08125 0.08125
2 0.4390625 0.45703125 0.078125 0.078125
1 0.67265625 0.45703125 0.0890625 0.0921875
1 0.78125 0.31640625 0.090625 0.0828125