0 0.5 0.5 1 1
1 0.7328125 0.05234375 0.0828125 0.0890625
1 0.88515625 0.1671875 0.0828125 0.0828125
1 0.52734375 0.31953125 0.084375 0.0859375
1 0.659375 0.434375 0.08125 0.090625
1 0.42890625 0.4640625 0.0796875 0.090625
1 0.21796875 0.725 0.084375 0.0796875
1 0.4515625 0.6984375 0.090625 0.103125
1 0.6953125 0.67421875 0.0921875 0.0921875
1 0.35625 0.82890625 0.0875 0.08125
1 0.4796875 0.93203125 0.08125 0.0859375
1 0.7140625 0.90390625 0.078125 0.0921875
1 0.965625 0.88046875 0.06875 0.1046875