0 0.4890625 0.50390625 0.95 0.98828125
2 0.5625 0.078125 0.06796875 0.071875
2 0.92734375 0.234375 0.08203125 0.08359375
2 0.3046875 0.31640625 0.075 0.0765625
2 0.55234375 0.321875 0.071875 0.071875
2 0.79609375 0.35546875 0.08515625 0.08359375
2 0.071875 0.57265625 0.07890625 0.0765625
2 0.30859375 0.58203125 0.08046875 0.08359375
2 0.43046875 0.6859375 0.0609375 0.08203125
2 0.54609375 0.81484375 0.06484375 0.0734375
2 0.0671875 0.81484375 0.0921875 0.075
2 0.7890625 0.8234375 0.06484375 0.0609375
2 0.90859375 0.940625 0.0859375 0.08203125