0 0.5 0.5 1 1
2 0.15234375 0.91171875 0.096875 0.096875
2 0.26015625 0.753125 0.090625 0.090625
2 0.1921875 0.5203125 0.0875 0.0953125
1 0.0484375 0.42890625 0.0953125 0.090625
1 0.01640625 0.19140625 0.0328125 0.1046875
1 0.134375 0.28671875 0.084375 0.090625
1 0.22890625 0.13046875 0.1 0.1
2 0.38203125 0.21796875 0.090625 0.0921875
2 0.46640625 0.0796875 0.090625 0.09375
2 0.69453125 0.0375 0.0890625 0.075
2 0.50390625 0.3234375 0.0828125 0.0875
2 0.90703125 0.3515625 0.0890625 0.096875
1 0.65859375 0.4203125 0.0921875 0.0921875
1 0.57265625 0.55390625 0.0953125 0.1
1 0.71328125 0.646875 0.0828125 0.0875
1 0.38671875 0.83984375 0.0984375 0.096875
1 0.85078125 0.73359375 0.084375 0.09375
1 0.97890625 0.8203125 0.0421875 0.084375