0 0.49453125 0.5046875 0.9828125 0.98125
1 0.06640625 0.08359375 0.0734375 0.08203125
1 0.31171875 0.07421875 0.06953125 0.06953125
1 0.55625 0.0765625 0.06953125 0.07890625
2 0.796875 0.0859375 0.078125 0.0859375
2 0.93125 0.44140625 0.075 0.08203125
1 0.18828125 0.20703125 0.0734375 0.078125
1 0.42890625 0.19609375 0.06640625 0.06640625
1 0.66796875 0.22421875 0.078125 0.075
1 0.06171875 0.3171875 0.0859375 0.08046875
1 0.31015625 0.32890625 0.06328125 0.078125
1 0.56171875 0.3234375 0.06640625 0.08046875
1 0.79375 0.57265625 0.06640625 0.06796875
1 0.68125 0.6890625 0.06796875 0.08046875
1 0.7890625 0.81953125 0.08203125 0.078125
2 0.20859375 0.68984375 0.08046875 0.0765625
2 0.4296875 0.678125 0.0734375 0.06953125
2 0.06640625 0.82109375 0.07890625 0.078125
2 0.30625 0.79140625 0.06953125 0.071875
2 0.546875 0.79765625 0.078125 0.07890625
2 0.19296875 0.93125 0.08046875 0.0890625
2 0.4203125 0.9296875 0.06484375 0.08359375
2 0.6671875 0.925 0.0765625 0.0875