0 0.5 0.5 1 1
1 0.0234375 0.1625 0.046875 0.09375
1 0.2453125 0.1140625 0.0890625 0.0921875
1 0.48671875 0.07578125 0.0921875 0.09375
1 0.73828125 0.0453125 0.0953125 0.090625
1 0.78125 0.07421875 0.0109375 0.003125
1 0.14375 0.26484375 0.090625 0.0921875
1 0.38828125 0.21796875 0.0921875 0.0875
1 0.61796875 0.2015625 0.0890625 0.0859375
1 0.771875 0.29921875 0.1015625 0.1015625
1 0.046875 0.39765625 0.0890625 0.0796875
1 0.2875 0.36640625 0.0890625 0.090625
1 0.53046875 0.31328125 0.071875 0.0703125
1 0.915625 0.3859375 0.090625 0.0875
2 0.66328125 0.4234375 0.0875 0.090625
2 0.25 0.73671875 0.090625 0.0890625
2 0.46171875 0.68671875 0.0875 0.084375
2 0.7109375 0.6609375 0.0984375 0.096875
2 0.1328125 0.8875 0.0765625 0.0828125
2 0.3671875 0.82109375 0.0828125 0.0828125
2 0.603125 0.7828125 0.0796875 0.084375
2 0.84453125 0.74453125 0.0875 0.0859375
2 0.27578125 0.965625 0.0890625 0.06875
2 0.50234375 0.9375 0.0828125 0.0921875
2 0.740625 0.88515625 0.09375 0.0984375
2 0.965625 0.84453125 0.06875 0.0921875