0 0.5 0.5 1 1
1 0.02890625 0.14609375 0.0578125 0.0890625
1 0.1578125 0.25390625 0.078125 0.084375
1 0.0578125 0.38671875 0.0890625 0.0921875
1 0.25703125 0.1 0.0875 0.0859375
1 0.39296875 0.20390625 0.0796875 0.0828125
1 0.49453125 0.06953125 0.0796875 0.08125
1 0.7515625 0.05 0.090625 0.0953125
1 0.8765625 0.15078125 0.084375 0.0953125
1 0.9171875 0.39609375 0.084375 0.0890625
1 0.63515625 0.20234375 0.0875 0.084375
1 0.53515625 0.309375 0.09375 0.0890625
1 0.2953125 0.36015625 0.0984375 0.0953125
2 0.8046875 0.52109375 0.0765625 0.0828125
2 0.70390625 0.66640625 0.0734375 0.090625
2 0.46015625 0.68046875 0.08125 0.08125
2 0.23671875 0.72109375 0.0890625 0.0828125
2 0.11796875 0.871875 0.084375 0.0875
2 0.2609375 0.959375 0.090625 0.08125
2 0.353125 0.81328125 0.0703125 0.071875
2 0.48515625 0.93203125 0.0859375 0.09375
2 0.59453125 0.7875 0.0953125 0.090625
2 0.73046875 0.89296875 0.078125 0.084375
2 0.834375 0.7546875 0.075 0.0828125
2 0.96328125 0.8625 0.0734375 0.0875