0 0.4984375 0.5015625 0.996875 0.996875
2 0.91015625 0.19765625 0.0703125 0.078125
2 0.1984375 0.4640625 0.0859375 0.0875
2 0.43046875 0.4546875 0.0890625 0.08125
2 0.6640625 0.44609375 0.0796875 0.08125
2 0.91953125 0.4375 0.0828125 0.0796875
2 0.43515625 0.69375 0.0671875 0.075
2 0.6828125 0.6796875 0.08125 0.0765625
2 0.92578125 0.68046875 0.0890625 0.0875
2 0.2 0.94296875 0.08125 0.090625
2 0.45234375 0.934375 0.08125 0.0953125
2 0.68046875 0.9265625 0.08125 0.0859375
2 0.92890625 0.91875 0.0859375 0.0890625