0 0.5 0.5 1 1
1 0.02734375 0.1578125 0.0546875 0.103125
1 0.2515625 0.11171875 0.084375 0.0828125
1 0.48984375 0.07890625 0.078125 0.090625
2 0.7296875 0.05 0.0921875 0.096875
1 0.15078125 0.259375 0.084375 0.0859375
1 0.390625 0.21328125 0.0875 0.0890625
1 0.6234375 0.20859375 0.090625 0.0875
1 0.86640625 0.14921875 0.0859375 0.0875
1 0.05 0.3890625 0.09375 0.090625
1 0.28671875 0.36328125 0.0796875 0.090625
1 0.53125 0.315625 0.0953125 0.09375
2 0.9125 0.378125 0.0953125 0.084375
1 0.56796875 0.55390625 0.090625 0.0875
1 0.8015625 0.52734375 0.090625 0.0984375
2 0.23984375 0.73515625 0.0953125 0.103125
2 0.4578125 0.690625 0.0828125 0.0890625
2 0.125 0.8828125 0.084375 0.0875
2 0.359375 0.82265625 0.0859375 0.0953125
2 0.59921875 0.790625 0.090625 0.1046875
2 0.27421875 0.9625 0.0984375 0.075
2 0.496875 0.93515625 0.1046875 0.0953125
2 0.73828125 0.89453125 0.0890625 0.096875