0 0.48515625 0.5015625 0.9703125 0.996875
2 0.78046875 0.07890625 0.0765625 0.07890625
2 0.92265625 0.42890625 0.08046875 0.06953125
1 0.7953125 0.5625 0.08359375 0.0875
1 0.68125 0.684375 0.078125 0.090625
1 0.79453125 0.7921875 0.0703125 0.071875
1 0.06953125 0.340625 0.08515625 0.0734375
1 0.05859375 0.1078125 0.0921875 0.0921875
1 0.30078125 0.08984375 0.08359375 0.0859375
1 0.17734375 0.22109375 0.0859375 0.0890625
1 0.4203125 0.2046875 0.075 0.0890625
1 0.54140625 0.07734375 0.0703125 0.075
1 0.65859375 0.22421875 0.071875 0.06953125
1 0.303125 0.3390625 0.0890625 0.07890625
1 0.559375 0.32265625 0.06953125 0.0734375
2 0.21328125 0.70078125 0.06484375 0.08046875
2 0.07890625 0.83359375 0.0765625 0.078125
2 0.31796875 0.8 0.0703125 0.0703125
2 0.4421875 0.68828125 0.08046875 0.08203125
2 0.20859375 0.9421875 0.06953125 0.06953125
2 0.4390625 0.93203125 0.071875 0.08515625
2 0.56015625 0.796875 0.0703125 0.078125
2 0.684375 0.91640625 0.06796875 0.0765625