0 0.5 0.5 1 1
1 0.1890625 0.01953125 0.103125 0.0390625
1 0.128125 0.2140625 0.1078125 0.10625
1 0.43046875 0.04921875 0.0921875 0.0984375
1 0.2765625 0.14296875 0.09375 0.0984375
1 0.36171875 0.29140625 0.0859375 0.0953125
1 0.67265625 0.5078125 0.09375 0.0921875
1 0.6203125 0.7265625 0.1 0.1015625
1 0.24296875 0.7390625 0.10625 0.103125
1 0.7 0.8703125 0.0953125 0.096875
1 0.7984375 0.98515625 0.1 0.0296875
2 0.03046875 0.69296875 0.0609375 0.1015625
2 0.16953125 0.6078125 0.090625 0.0921875
2 0.21953125 0.37578125 0.0859375 0.0875
2 0.453125 0.4296875 0.090625 0.090625
2 0.528125 0.19453125 0.0921875 0.0828125
2 0.66484375 0.1109375 0.0953125 0.096875
2 0.890625 0.1796875 0.09375 0.0984375
2 0.834375 0.41171875 0.09375 0.090625
2 0.925 0.5546875 0.1 0.1078125