0 0.48984375 0.50078125 0.97109375 0.953125
2 0.7890625 0.0890625 0.0734375 0.08203125
1 0.059375 0.09296875 0.0703125 0.07890625
1 0.30859375 0.078125 0.06640625 0.075
1 0.54765625 0.07734375 0.06640625 0.0609375
1 0.184375 0.215625 0.075 0.071875
1 0.4265625 0.19921875 0.06640625 0.0765625
1 0.665625 0.225 0.0765625 0.0734375
1 0.90390625 0.20078125 0.078125 0.0734375
1 0.06484375 0.33125 0.0765625 0.075
1 0.30859375 0.33515625 0.06640625 0.0765625
1 0.55546875 0.31796875 0.08203125 0.0765625
2 0.9234375 0.43671875 0.0703125 0.07890625
1 0.5625 0.5671875 0.0765625 0.0765625
1 0.79609375 0.56328125 0.0703125 0.078125
2 0.20859375 0.69140625 0.078125 0.08515625
2 0.4328125 0.68125 0.0703125 0.071875
2 0.0796875 0.828125 0.0921875 0.0921875
2 0.3109375 0.79609375 0.0703125 0.0734375
2 0.55390625 0.796875 0.078125 0.0890625
2 0.203125 0.934375 0.078125 0.0734375
2 0.43203125 0.93203125 0.078125 0.090625
2 0.675 0.91796875 0.06953125 0.08203125