1 0.046875 0.1140625 0.075 0.0796875
0 0.5 0.50234375 1 0.9953125
1 0.29453125 0.08828125 0.0765625 0.078125
2 0.534375 0.0828125 0.0796875 0.0890625
2 0.77109375 0.078125 0.0765625 0.0765625
1 0.17578125 0.22890625 0.078125 0.0828125
2 0.4296875 0.20390625 0.071875 0.0796875
1 0.0609375 0.34765625 0.0828125 0.0859375
1 0.3015625 0.346875 0.0734375 0.0828125
2 0.7875 0.31171875 0.0875 0.0796875
2 0.91953125 0.42421875 0.0875 0.0765625
2 0.19140625 0.46953125 0.075 0.08125
2 0.43203125 0.4484375 0.0734375 0.0828125
1 0.6671875 0.459375 0.0765625 0.0765625
2 0.08515625 0.840625 0.0828125 0.0828125
2 0.21796875 0.71171875 0.084375 0.0953125
1 0.33515625 0.81640625 0.0859375 0.0984375
1 0.678125 0.6734375 0.06875 0.0765625
1 0.80078125 0.790625 0.08125 0.078125
1 0.94453125 0.90703125 0.075 0.078125