0 0.5 0.5 1 1
1 0.0453125 0.10703125 0.078125 0.0859375
1 0.28984375 0.084375 0.0734375 0.0734375
1 0.534375 0.07421875 0.0734375 0.0828125
2 0.775 0.07109375 0.0828125 0.090625
2 0.92734375 0.41875 0.0796875 0.0859375
1 0.1734375 0.2234375 0.078125 0.08125
1 0.41328125 0.2 0.0703125 0.0703125
1 0.653125 0.215625 0.08125 0.0796875
1 0.053125 0.340625 0.090625 0.084375
1 0.3015625 0.3390625 0.0671875 0.08125
1 0.55234375 0.3203125 0.0703125 0.084375
1 0.796875 0.55703125 0.0703125 0.071875
1 0.690625 0.6796875 0.071875 0.084375
1 0.80546875 0.80390625 0.0859375 0.0828125
2 0.21875 0.7046875 0.084375 0.08125
2 0.4390625 0.68125 0.0765625 0.0734375
2 0.08359375 0.84296875 0.0828125 0.0828125
2 0.321875 0.80078125 0.0734375 0.075
2 0.5625 0.79453125 0.0828125 0.0828125
2 0.215625 0.946875 0.084375 0.09375
2 0.44296875 0.93359375 0.06875 0.0875
2 0.6890625 0.915625 0.08125 0.090625