0 0.5 0.5 1 1
1 0.0109375 0.2109375 0.021875 0.115625
1 0.2109375 0.14296875 0.09375 0.09375
1 0.4421875 0.08125 0.078125 0.09375
2 0.6828125 0.03671875 0.0875 0.0734375
2 0.7453125 0.25546875 0.1 0.096875
2 0.90390625 0.340625 0.0953125 0.09375
1 0.5953125 0.1984375 0.0875 0.09375
1 0.35546875 0.228125 0.0875 0.090625
1 0.12578125 0.30390625 0.1015625 0.090625
1 0.04375 0.4421875 0.0875 0.1125
1 0.27578125 0.3953125 0.0890625 0.096875
1 0.51484375 0.31953125 0.0921875 0.09375
2 0.42734375 0.46953125 0.0765625 0.090625
1 0.71484375 0.634375 0.0828125 0.1
2 0.77109375 0.8671875 0.0859375 0.09375
2 0.478125 0.7 0.0890625 0.096875
2 0.26640625 0.76484375 0.0765625 0.078125
2 0.16796875 0.9265625 0.096875 0.1046875
2 0.31484375 0.98046875 0.0859375 0.0390625