0 0.5 0.5 1 1
1 0.53671875 0.58515625 0.0921875 0.096875
1 0.7640625 0.65078125 0.096875 0.103125
2 0.9265625 0.5609375 0.0984375 0.0984375
1 0.184375 0.02265625 0.109375 0.0453125
1 0.4328125 0.04375 0.0875 0.0875
1 0.66796875 0.1078125 0.0875 0.0890625
2 0.89140625 0.18203125 0.096875 0.1
1 0.27578125 0.14296875 0.1015625 0.1125
1 0.51171875 0.1921875 0.0984375 0.0984375
1 0.73671875 0.284375 0.09375 0.084375
1 0.96171875 0.33046875 0.0765625 0.0984375
1 0.6078125 0.35 0.090625 0.0890625
1 0.35859375 0.28828125 0.0875 0.090625
1 0.1265625 0.21953125 0.10625 0.103125
2 0.165625 0.61484375 0.1 0.10625
2 0.3828125 0.6578125 0.0921875 0.1015625
2 0.021875 0.69453125 0.04375 0.0921875
2 0.24453125 0.7375 0.0890625 0.0921875
2 0.46953125 0.80390625 0.0890625 0.0953125
2 0.096875 0.8390625 0.10625 0.103125
2 0.3171875 0.9015625 0.0875 0.0953125
2 0.553125 0.95390625 0.09375 0.0921875