0 0.4859375 0.5046875 0.97109375 0.990625
1 0.0484375 0.09921875 0.0859375 0.09921875
1 0.2984375 0.08671875 0.07890625 0.078125
1 0.53828125 0.07890625 0.0609375 0.08203125
2 0.784375 0.0796875 0.071875 0.08046875
2 0.79375 0.3171875 0.08359375 0.08046875
2 0.9296875 0.4359375 0.08046875 0.078125
1 0.6609375 0.22734375 0.071875 0.07890625
1 0.4203125 0.20234375 0.071875 0.0765625
1 0.1796875 0.225 0.0875 0.0734375
1 0.0609375 0.3390625 0.08515625 0.09609375
1 0.3046875 0.34765625 0.071875 0.08203125
1 0.55546875 0.32734375 0.0765625 0.078125
2 0.4359375 0.45390625 0.0609375 0.07890625
1 0.67890625 0.67890625 0.06484375 0.0875
2 0.68125 0.91875 0.06953125 0.08046875
2 0.43359375 0.68984375 0.071875 0.08203125
2 0.2125 0.70546875 0.06328125 0.06484375
2 0.08046875 0.840625 0.07890625 0.0890625
2 0.20546875 0.953125 0.06953125 0.07890625