0 0.49765625 0.52109375 0.9953125 0.9578125
1 0.8 0.09453125 0.071875 0.07890625
1 0.9328125 0.23125 0.071875 0.071875
1 0.55546875 0.32578125 0.0734375 0.075
1 0.66796875 0.46015625 0.06953125 0.08046875
1 0.43515625 0.453125 0.06796875 0.08046875
1 0.1859375 0.678125 0.075 0.06953125
1 0.42109375 0.68828125 0.0765625 0.09296875
1 0.665625 0.70234375 0.08046875 0.08046875
1 0.30625 0.80234375 0.078125 0.06953125
1 0.4125 0.9234375 0.0703125 0.0765625
1 0.6484375 0.9328125 0.06640625 0.08359375
1 0.9125 0.9515625 0.08046875 0.09296875