0 0.4953125 0.50546875 0.97734375 0.9828125
1 0.07109375 0.08515625 0.078125 0.07890625
1 0.3171875 0.075 0.078125 0.0734375
1 0.55859375 0.07890625 0.07890625 0.08515625
2 0.79765625 0.090625 0.0625 0.0765625
1 0.19140625 0.2140625 0.071875 0.08046875
1 0.434375 0.196875 0.0734375 0.075
1 0.665625 0.2296875 0.071875 0.071875
1 0.06953125 0.32265625 0.07890625 0.0765625
1 0.3125 0.33203125 0.06796875 0.06796875
1 0.559375 0.3234375 0.06640625 0.06484375
2 0.8015625 0.32734375 0.0765625 0.08046875
2 0.93203125 0.446875 0.0765625 0.0765625
2 0.43671875 0.4453125 0.0765625 0.0765625
1 0.67421875 0.6859375 0.0703125 0.07890625
2 0.4328125 0.68125 0.06484375 0.07890625
2 0.67265625 0.92109375 0.06328125 0.0859375
2 0.20859375 0.6875 0.078125 0.07890625
2 0.06953125 0.8203125 0.0765625 0.08515625
2 0.1953125 0.9296875 0.0703125 0.078125