0 0.49453125 0.50390625 0.95703125 0.98828125
1 0.075 0.0828125 0.0875 0.0859375
1 0.32734375 0.075 0.0890625 0.0875
2 0.56484375 0.084375 0.06953125 0.075
2 0.7984375 0.09296875 0.071875 0.08046875
1 0.196875 0.209375 0.0765625 0.08203125
1 0.06796875 0.31953125 0.09296875 0.0765625
2 0.19921875 0.44921875 0.0734375 0.08046875
2 0.446875 0.2 0.0765625 0.078125
2 0.54453125 0.32890625 0.07890625 0.075
2 0.9234375 0.4578125 0.07890625 0.071875
2 0.20859375 0.68671875 0.08046875 0.0890625
2 0.0640625 0.809375 0.071875 0.08046875