0 0.49453125 0.50546875 0.96328125 0.9890625
1 0.796875 0.090625 0.06640625 0.0765625
1 0.92734375 0.2234375 0.09296875 0.0765625
1 0.55625 0.334375 0.06640625 0.06953125
1 0.4375 0.45859375 0.06640625 0.071875
1 0.6734375 0.45859375 0.075 0.06953125
1 0.196875 0.6890625 0.0875 0.0890625
1 0.4265625 0.6953125 0.071875 0.08046875
1 0.315625 0.81015625 0.0765625 0.07890625
1 0.671875 0.7046875 0.06796875 0.0859375
1 0.4203125 0.928125 0.078125 0.08046875
1 0.6703125 0.934375 0.07890625 0.090625
1 0.91484375 0.9421875 0.09609375 0.08359375