0 0.48984375 0.50546875 0.95703125 0.98828125
1 0.075 0.0765625 0.08515625 0.0875
1 0.0703125 0.3125 0.0890625 0.0875
1 0.3234375 0.0765625 0.071875 0.090625
1 0.196875 0.2078125 0.0765625 0.08203125
1 0.315625 0.33125 0.06796875 0.08203125
1 0.66953125 0.465625 0.078125 0.075
1 0.671875 0.690625 0.08203125 0.08359375
1 0.30859375 0.79375 0.0890625 0.08359375
1 0.78359375 0.8109375 0.07890625 0.08046875
1 0.91640625 0.93515625 0.08203125 0.0859375
2 0.06953125 0.80703125 0.090625 0.08203125
2 0.20546875 0.684375 0.075 0.0765625
2 0.19765625 0.44765625 0.0703125 0.071875
2 0.4375 0.44296875 0.075 0.075
2 0.453125 0.196875 0.078125 0.06640625
2 0.565625 0.0828125 0.07890625 0.08046875
2 0.8015625 0.09453125 0.0765625 0.08203125
2 0.803125 0.33359375 0.07890625 0.0734375
2 0.92578125 0.45 0.08046875 0.090625