0 0.5 0.5 1 1
1 0.0984375 0.05390625 0.078125 0.0875
1 0.3484375 0.065625 0.071875 0.075
1 0.5875 0.08671875 0.075 0.0875
2 0.82734375 0.109375 0.0765625 0.078125
1 0.21171875 0.19140625 0.0765625 0.0765625
1 0.4578125 0.19375 0.0703125 0.08125
2 0.8140625 0.3484375 0.0796875 0.0796875
1 0.08671875 0.29375 0.0859375 0.0875
1 0.3265625 0.31796875 0.0734375 0.0796875
2 0.44609375 0.43984375 0.075 0.0765625
1 0.67265625 0.47421875 0.078125 0.078125
2 0.9328125 0.47734375 0.078125 0.0734375
2 0.1984375 0.671875 0.084375 0.0859375
2 0.41875 0.67578125 0.0765625 0.08125
1 0.665625 0.69921875 0.0734375 0.075
1 0.296875 0.7890625 0.08125 0.08125
2 0.05 0.790625 0.0859375 0.0890625
2 0.16796875 0.91015625 0.084375 0.08125
2 0.63828125 0.9359375 0.08125 0.0890625