0 0.4890625 0.50859375 0.9671875 0.9828125
1 0.0625 0.34375 0.08203125 0.0765625
2 0.29609375 0.33828125 0.071875 0.071875
2 0.66796875 0.2203125 0.075 0.0703125
1 0.78359375 0.34140625 0.08203125 0.08046875
1 0.665625 0.4671875 0.0703125 0.078125
2 0.43515625 0.459375 0.071875 0.06796875
1 0.06484375 0.58125 0.08203125 0.0765625
2 0.32421875 0.5703125 0.06953125 0.0609375
2 0.20859375 0.7015625 0.06953125 0.0703125
2 0.071875 0.83125 0.08203125 0.07890625
2 0.43984375 0.68828125 0.0734375 0.078125
1 0.675 0.6890625 0.078125 0.08046875
1 0.4484375 0.93359375 0.0734375 0.08203125
1 0.2015625 0.9421875 0.0859375 0.0859375