0 0.50078125 0.5 0.9765625 1
1 0.084375 0.07109375 0.0828125 0.090625
1 0.334375 0.07109375 0.075 0.0796875
1 0.57421875 0.0796875 0.06875 0.0671875
1 0.82421875 0.10234375 0.06875 0.0875
1 0.20546875 0.19921875 0.0875 0.0890625
1 0.44765625 0.19609375 0.0671875 0.0734375
1 0.6796875 0.2375 0.0640625 0.06875
1 0.93125 0.2203125 0.08125 0.075
1 0.0796875 0.309375 0.0828125 0.0875
1 0.3203125 0.325 0.0796875 0.0828125
1 0.57109375 0.32734375 0.0796875 0.0796875
1 0.8015625 0.33984375 0.08125 0.08125
2 0.20390625 0.67890625 0.0765625 0.0828125
2 0.42421875 0.67734375 0.065625 0.0796875
2 0.67265625 0.7046875 0.084375 0.075
2 0.909375 0.7 0.0734375 0.075
2 0.0640625 0.80078125 0.0796875 0.06875
2 0.29921875 0.78359375 0.078125 0.0734375
2 0.54140625 0.79921875 0.0703125 0.0796875
2 0.784375 0.809375 0.0765625 0.0796875
2 0.18359375 0.91875 0.0796875 0.084375
2 0.41328125 0.925 0.071875 0.0828125
2 0.6546875 0.92890625 0.0796875 0.0765625
2 0.89921875 0.940625 0.0734375 0.0703125