0 0.49296875 0.50703125 0.9859375 0.9734375
2 0.91171875 0.2203125 0.0765625 0.0828125
2 0.91953125 0.4546875 0.0796875 0.0765625
2 0.6671875 0.4546875 0.0796875 0.0796875
2 0.43515625 0.44921875 0.075 0.075
2 0.20625 0.45234375 0.0671875 0.0671875
2 0.91640625 0.68984375 0.08125 0.078125
2 0.6765625 0.68671875 0.0703125 0.0734375
2 0.43203125 0.6875 0.078125 0.0765625
2 0.1921875 0.92578125 0.0875 0.0796875
2 0.4359375 0.92265625 0.0796875 0.0796875
2 0.665625 0.9234375 0.0796875 0.075
2 0.9140625 0.92421875 0.08125 0.0796875