0 0.50546875 0.49921875 0.965625 0.9984375
2 0.9265625 0.22734375 0.078125 0.09609375
2 0.2015625 0.44296875 0.075 0.0703125
2 0.43515625 0.446875 0.0703125 0.0734375
2 0.6671875 0.459375 0.0734375 0.07890625
2 0.92109375 0.471875 0.078125 0.08359375
2 0.421875 0.68125 0.071875 0.078125
2 0.67265625 0.69296875 0.08359375 0.08203125
2 0.91171875 0.70390625 0.08359375 0.08515625
2 0.17734375 0.91953125 0.08359375 0.075
2 0.42109375 0.92421875 0.0703125 0.071875
2 0.6484375 0.93203125 0.078125 0.08203125
2 0.89765625 0.94375 0.08515625 0.071875