0 0.5 0.5 1 1
1 0.15859375 0.0328125 0.1015625 0.065625
1 0.4015625 0.053125 0.096875 0.1
1 0.634375 0.09921875 0.0734375 0.0734375
1 0.865625 0.153125 0.0921875 0.0984375
1 0.25234375 0.15390625 0.090625 0.0984375
1 0.49453125 0.190625 0.0921875 0.0953125
1 0.71875 0.26640625 0.09375 0.0984375
2 0.82734375 0.38359375 0.0890625 0.0859375
2 0.921875 0.52421875 0.1 0.0921875
1 0.11484375 0.24375 0.0859375 0.0921875
1 0.3484375 0.2984375 0.090625 0.084375
1 0.59375 0.33984375 0.08125 0.0875
2 0.44921875 0.43359375 0.0796875 0.0859375
1 0.634375 0.70546875 0.096875 0.090625
2 0.58359375 0.94296875 0.0875 0.0984375
2 0.4 0.665625 0.084375 0.0921875
2 0.17734375 0.62890625 0.0875 0.0921875
2 0.03203125 0.728125 0.0640625 0.096875
2 0.1203125 0.85859375 0.09375 0.096875