0 0.5 0.5 1 1
1 0.1265625 0.03671875 0.090625 0.0734375
1 0.375 0.05546875 0.0890625 0.0859375
1 0.61171875 0.0953125 0.090625 0.103125
1 0.86171875 0.134375 0.084375 0.096875
1 0.2296875 0.16640625 0.078125 0.078125
1 0.4765625 0.18828125 0.0828125 0.0765625
1 0.7015625 0.25234375 0.0828125 0.084375
1 0.0984375 0.26328125 0.0828125 0.0796875
1 0.33515625 0.309375 0.0765625 0.0859375
1 0.584375 0.33203125 0.084375 0.0734375
2 0.93046875 0.503125 0.084375 0.0875
1 0.78046875 0.61328125 0.096875 0.0953125
1 0.55390625 0.5703125 0.0859375 0.0890625
2 0.18203125 0.6453125 0.0953125 0.0828125
2 0.4046875 0.6640625 0.06875 0.078125
2 0.0390625 0.7515625 0.078125 0.0875
2 0.26796875 0.7625 0.0859375 0.084375
2 0.50859375 0.80390625 0.0890625 0.0953125
2 0.13828125 0.8828125 0.08125 0.0953125
2 0.36328125 0.91171875 0.084375 0.0859375
2 0.6078125 0.9421875 0.0921875 0.1
2 0.8421875 0.965625 0.08125 0.06875