0 0.49140625 0.50859375 0.9796875 0.97734375
2 0.9203125 0.2125 0.06796875 0.0765625
2 0.2 0.45390625 0.08359375 0.08515625
2 0.43203125 0.45234375 0.0859375 0.07890625
2 0.665625 0.4515625 0.0765625 0.078125
2 0.92109375 0.45234375 0.08046875 0.0765625
2 0.428125 0.69140625 0.06484375 0.0734375
2 0.6765625 0.6859375 0.078125 0.0734375
2 0.91953125 0.6953125 0.0859375 0.08515625
2 0.184375 0.93203125 0.078125 0.0875
2 0.4375 0.9328125 0.078125 0.0921875
2 0.665625 0.9328125 0.078125 0.08359375
2 0.9140625 0.93359375 0.08359375 0.0859375