0 0.5 0.5 1 1
1 0.1078125 0.05234375 0.0796875 0.0890625
1 0.35625 0.06328125 0.065625 0.0796875
1 0.590625 0.08671875 0.0703125 0.0671875
2 0.8265625 0.11953125 0.0703125 0.0828125
1 0.22109375 0.184375 0.075 0.08125
1 0.4609375 0.1953125 0.0734375 0.075
1 0.09140625 0.2859375 0.071875 0.06875
1 0.3265625 0.32109375 0.0765625 0.08125
2 0.4421875 0.43671875 0.078125 0.0765625
2 0.8078125 0.3625 0.0734375 0.0828125
2 0.93046875 0.48203125 0.08125 0.08125
1 0.66875 0.48046875 0.075 0.0875
1 0.65390625 0.696875 0.0734375 0.0734375
1 0.29140625 0.78125 0.0703125 0.0765625
2 0.19609375 0.6640625 0.0890625 0.0875
2 0.41484375 0.671875 0.078125 0.0875
2 0.05 0.7765625 0.0828125 0.0875
2 0.1671875 0.90078125 0.084375 0.0859375
2 0.628125 0.9328125 0.0796875 0.09375