0 0.4921875 0.5 0.98125 0.9828125
1 0.065625 0.08203125 0.08359375 0.07890625
1 0.1953125 0.20859375 0.06796875 0.075
1 0.078125 0.3265625 0.078125 0.08203125
1 0.31484375 0.0703125 0.078125 0.0765625
1 0.43515625 0.1921875 0.06953125 0.0734375
1 0.5546875 0.07265625 0.0703125 0.071875
1 0.81171875 0.0890625 0.07890625 0.08515625
1 0.921875 0.20625 0.0734375 0.08515625
1 0.92734375 0.45546875 0.0734375 0.07890625
1 0.675 0.22421875 0.078125 0.075
1 0.5609375 0.31640625 0.08359375 0.078125
1 0.31640625 0.3328125 0.0875 0.08359375
2 0.7984375 0.56328125 0.06640625 0.075
2 0.67890625 0.69296875 0.0625 0.08203125
2 0.43515625 0.6734375 0.071875 0.071875
2 0.20859375 0.68203125 0.08046875 0.071875
2 0.0703125 0.81484375 0.0734375 0.078125
2 0.19921875 0.93046875 0.07890625 0.0875
2 0.3109375 0.78984375 0.0625 0.06328125
2 0.425 0.92578125 0.075 0.08359375
2 0.55390625 0.79765625 0.0859375 0.07890625
2 0.6734375 0.92109375 0.06796875 0.075
2 0.79609375 0.7984375 0.06484375 0.075
2 0.9125 0.92421875 0.06953125 0.078125