0 0.503125 0.50078125 0.96171875 0.9984375
1 0.08203125 0.07109375 0.07890625 0.0890625
1 0.33046875 0.071875 0.071875 0.0703125
1 0.5703125 0.084375 0.06328125 0.08046875
2 0.8109375 0.10234375 0.078125 0.08359375
1 0.203125 0.196875 0.071875 0.0734375
1 0.44765625 0.19765625 0.075 0.0765625
1 0.6765625 0.2375 0.078125 0.0734375
1 0.9265625 0.22578125 0.0734375 0.075
1 0.0796875 0.30546875 0.08046875 0.0765625
1 0.31640625 0.325 0.06640625 0.07890625
1 0.565625 0.325 0.08203125 0.07890625
2 0.928125 0.459375 0.08359375 0.0703125
1 0.55625 0.565625 0.078125 0.0734375
1 0.790625 0.584375 0.0765625 0.08515625
2 0.2 0.68125 0.08046875 0.0890625
2 0.421875 0.67890625 0.06953125 0.0765625
2 0.05859375 0.80390625 0.071875 0.075
2 0.30078125 0.78984375 0.071875 0.08359375
2 0.5421875 0.80390625 0.075 0.0921875
2 0.18828125 0.9203125 0.08515625 0.07890625
2 0.4140625 0.9265625 0.090625 0.07890625
2 0.65859375 0.9328125 0.075 0.08359375