0 0.49140625 0.50390625 0.96015625 0.99140625
1 0.05390625 0.0984375 0.0703125 0.08046875
1 0.30390625 0.08359375 0.06484375 0.06796875
1 0.54375 0.0796875 0.06640625 0.08046875
2 0.784375 0.07734375 0.06953125 0.071875
1 0.18125 0.2234375 0.0703125 0.0703125
1 0.42578125 0.2 0.0625 0.075
2 0.796875 0.31640625 0.071875 0.071875
1 0.0671875 0.33828125 0.078125 0.08046875
1 0.30859375 0.33671875 0.06640625 0.0734375
2 0.43984375 0.44609375 0.06796875 0.06953125
1 0.66875 0.45625 0.0703125 0.071875
2 0.928125 0.43203125 0.071875 0.06640625
2 0.21796875 0.70234375 0.0765625 0.078125
2 0.4375 0.68359375 0.06953125 0.075
1 0.68515625 0.68046875 0.06640625 0.06796875
1 0.328125 0.80859375 0.0734375 0.0734375
2 0.0828125 0.8359375 0.078125 0.08203125
2 0.2125 0.94296875 0.0765625 0.0734375
2 0.6828125 0.91875 0.0734375 0.08203125