0 0.49921875 0.50703125 0.95859375 0.97421875
1 0.05625 0.09296875 0.090625 0.0859375
1 0.1859375 0.21328125 0.09765625 0.07890625
1 0.065625 0.33125 0.071875 0.071875
1 0.309375 0.078125 0.07890625 0.0734375
1 0.5484375 0.078125 0.0734375 0.08359375
1 0.80234375 0.08671875 0.078125 0.0890625
1 0.428125 0.2 0.08359375 0.08359375
1 0.3078125 0.33671875 0.071875 0.0703125
1 0.6625 0.22890625 0.06953125 0.0734375
1 0.5640625 0.328125 0.090625 0.090625
1 0.796875 0.33828125 0.071875 0.0765625
1 0.9265625 0.45625 0.0734375 0.06953125
2 0.67109375 0.45078125 0.06953125 0.0703125
2 0.91953125 0.91328125 0.075 0.08203125
2 0.80234375 0.79453125 0.08046875 0.07890625
2 0.68359375 0.69609375 0.06953125 0.078125
2 0.55625 0.79765625 0.078125 0.08203125
2 0.43359375 0.6796875 0.071875 0.06953125
2 0.2125 0.6953125 0.06796875 0.0703125
2 0.078125 0.8234375 0.06953125 0.071875
2 0.20546875 0.9359375 0.075 0.0765625
2 0.31640625 0.79609375 0.0625 0.0765625
2 0.4296875 0.93203125 0.06796875 0.06796875
2 0.6765625 0.91796875 0.075 0.06484375