0 0.5 0.5 1 1
1 0.16484375 0.03125 0.1015625 0.0625
1 0.4109375 0.0546875 0.0875 0.096875
1 0.63984375 0.10078125 0.0921875 0.0921875
1 0.8828125 0.1671875 0.0859375 0.0953125
1 0.259375 0.1546875 0.0875 0.0921875
1 0.1203125 0.2421875 0.0921875 0.090625
1 0.3515625 0.3 0.084375 0.0921875
1 0.5015625 0.19296875 0.1109375 0.0921875
1 0.590625 0.33984375 0.0890625 0.09375
1 0.715625 0.2765625 0.0875 0.090625
1 0.9609375 0.3 0.078125 0.0875
1 0.91328125 0.54921875 0.10625 0.1015625
2 0.77109375 0.62265625 0.084375 0.1
2 0.1765625 0.6234375 0.1078125 0.103125
2 0.3921875 0.659375 0.078125 0.08125
2 0.62734375 0.72734375 0.084375 0.10625
2 0.71875 0.8515625 0.08125 0.0953125
2 0.48984375 0.7953125 0.084375 0.08125
2 0.25078125 0.7375 0.0734375 0.071875
2 0.03046875 0.7140625 0.0609375 0.096875
2 0.1171875 0.8546875 0.0953125 0.0890625
2 0.33828125 0.89609375 0.0859375 0.0859375
2 0.57265625 0.9421875 0.084375 0.0921875
2 0.80703125 0.971875 0.0890625 0.05625