0 0.5 0.5 1 1
1 0.18359375 0.025 0.0984375 0.05
1 0.4265625 0.046875 0.0875 0.09375
1 0.65859375 0.10859375 0.0921875 0.0875
1 0.90078125 0.1828125 0.09375 0.09375
1 0.275 0.1484375 0.1 0.1015625
1 0.50859375 0.19453125 0.096875 0.090625
1 0.7359375 0.28359375 0.1109375 0.1015625
1 0.96484375 0.321875 0.0703125 0.1
1 0.125 0.225 0.1140625 0.1046875
1 0.3609375 0.29765625 0.10625 0.10625
1 0.6046875 0.3515625 0.096875 0.103125
1 0.8328125 0.4109375 0.0921875 0.0890625
2 0.17109375 0.61875 0.090625 0.0890625
2 0.390625 0.66171875 0.0890625 0.0890625
2 0.62421875 0.7421875 0.084375 0.09375
2 0.859375 0.78515625 0.1015625 0.1
2 0.02890625 0.7109375 0.0578125 0.09375
2 0.2453125 0.7421875 0.0875 0.09375
2 0.47578125 0.80625 0.0875 0.0953125
2 0.71015625 0.8671875 0.090625 0.096875
2 0.10234375 0.84921875 0.09375 0.090625
2 0.325 0.90546875 0.0921875 0.1
2 0.56171875 0.9546875 0.0953125 0.090625
2 0.79453125 0.98515625 0.1078125 0.0296875