0 0.490625 0.503125 0.97265625 0.9671875
1 0.07421875 0.08515625 0.075 0.08203125
1 0.31875 0.078125 0.075 0.0765625
1 0.5546875 0.0796875 0.078125 0.071875
1 0.8078125 0.0953125 0.071875 0.075
1 0.19453125 0.209375 0.075 0.0703125
1 0.43671875 0.19765625 0.0875 0.07890625
1 0.66328125 0.2375 0.0734375 0.07890625
1 0.07578125 0.3234375 0.0890625 0.071875
1 0.31171875 0.33125 0.071875 0.075
1 0.56328125 0.325 0.071875 0.0703125
2 0.921875 0.44296875 0.08515625 0.0734375
1 0.78828125 0.5734375 0.08046875 0.06953125
1 0.5609375 0.5609375 0.075 0.078125
2 0.2125 0.68671875 0.06953125 0.08359375
2 0.42734375 0.67578125 0.06796875 0.0765625
2 0.07421875 0.815625 0.08359375 0.06796875
2 0.309375 0.78984375 0.0765625 0.06953125
2 0.546875 0.79296875 0.0625 0.08203125
2 0.19453125 0.921875 0.071875 0.0703125
2 0.42734375 0.92109375 0.06796875 0.0921875
2 0.66484375 0.9171875 0.0703125 0.08046875
2 0.9046875 0.9203125 0.0765625 0.090625