0 0.5 0.5 1 1
1 0.0359375 0.121875 0.071875 0.0875
1 0.275 0.0921875 0.075 0.075
1 0.51875 0.0734375 0.0765625 0.084375
2 0.759375 0.06171875 0.0859375 0.0921875
2 0.92421875 0.40390625 0.08125 0.0875
1 0.1640625 0.23515625 0.0796875 0.084375
1 0.40234375 0.203125 0.071875 0.071875
1 0.64296875 0.2109375 0.084375 0.08125
1 0.04765625 0.35625 0.0921875 0.0875
1 0.29609375 0.34609375 0.0703125 0.0828125
1 0.54609375 0.31875 0.0734375 0.0859375
1 0.79921875 0.546875 0.071875 0.0734375
1 0.696875 0.67265625 0.075 0.0859375
1 0.815625 0.79296875 0.0890625 0.084375
2 0.2265625 0.71484375 0.0875 0.0828125
2 0.4453125 0.68359375 0.0796875 0.075
2 0.09609375 0.8578125 0.0859375 0.084375
2 0.33203125 0.80703125 0.075 0.078125
2 0.57265625 0.7921875 0.084375 0.0859375
2 0.23125 0.95390625 0.0875 0.0921875
2 0.4578125 0.93515625 0.071875 0.0890625
2 0.70390625 0.90859375 0.084375 0.09375