0 0.5 0.5 1 1
2 0.05234375 0.8 0.0890625 0.0890625
2 0.2 0.67734375 0.0828125 0.084375
2 0.1984375 0.434375 0.0796875 0.0875
1 0.0859375 0.30703125 0.0890625 0.0828125
1 0.08828125 0.06171875 0.090625 0.096875
1 0.2078125 0.19453125 0.0765625 0.084375
1 0.34140625 0.0703125 0.09375 0.09375
2 0.46484375 0.196875 0.0828125 0.0859375
2 0.5828125 0.08671875 0.0828125 0.0875
2 0.81640625 0.10390625 0.0828125 0.078125
2 0.55234375 0.33125 0.0765625 0.08125
2 0.93203125 0.46953125 0.08125 0.0890625
1 0.67421875 0.4671875 0.084375 0.0859375
1 0.5546875 0.57109375 0.0875 0.0921875
1 0.6640625 0.7 0.0765625 0.08125
1 0.29765625 0.7953125 0.090625 0.0890625
1 0.7734375 0.82109375 0.0765625 0.0875
1 0.89609375 0.94765625 0.084375 0.0765625