0 0.4921875 0.503125 0.9703125 0.97578125
2 0.54921875 0.0796875 0.078125 0.0890625
2 0.91640625 0.22890625 0.0734375 0.0734375
2 0.7875 0.3390625 0.0734375 0.0734375
2 0.54609375 0.31640625 0.0703125 0.06640625
2 0.3 0.3234375 0.07890625 0.071875
2 0.08125 0.56953125 0.08359375 0.0765625
2 0.3171875 0.58359375 0.06640625 0.08046875
2 0.0703125 0.81875 0.0859375 0.08515625
2 0.4328125 0.68828125 0.07890625 0.071875
2 0.5546875 0.8125 0.0609375 0.06640625
2 0.78515625 0.81328125 0.078125 0.090625
2 0.91328125 0.9265625 0.09609375 0.0890625