0 0.5 0.5 1 1
1 0.16171875 0.8921875 0.0828125 0.0890625
1 0.3984375 0.9140625 0.0984375 0.0984375
1 0.6515625 0.7046875 0.0875 0.0890625
2 0.04375 0.759375 0.0875 0.09375
2 0.18984375 0.66015625 0.078125 0.078125
1 0.0640625 0.5171875 0.0953125 0.090625
1 0.090625 0.2921875 0.0828125 0.09375
2 0.3234375 0.3109375 0.0703125 0.0734375
2 0.4421875 0.44765625 0.08125 0.08125
2 0.70078125 0.23671875 0.078125 0.078125
2 0.3234375 0.54375 0.0828125 0.0796875
2 0.42421875 0.6765625 0.071875 0.0765625
1 0.66875 0.48046875 0.0765625 0.0875
1 0.8 0.37265625 0.0765625 0.0828125