1 0.14453125 0.0328125 0.0828125 0.065625
0 0.5 0.5 1 1
1 0.3921875 0.05234375 0.0859375 0.0859375
2 0.62734375 0.1015625 0.0890625 0.096875
2 0.859375 0.15 0.084375 0.084375
1 0.2453125 0.16328125 0.0859375 0.090625
2 0.4984375 0.19609375 0.0796875 0.0875
1 0.10625 0.253125 0.0921875 0.09375
1 0.34140625 0.30625 0.0828125 0.0890625
2 0.82265625 0.38125 0.0953125 0.0890625
2 0.92578125 0.5203125 0.0953125 0.0859375
2 0.20625 0.40078125 0.0828125 0.0890625
2 0.4453125 0.43515625 0.0828125 0.0890625
1 0.671875 0.49765625 0.084375 0.084375
2 0.0328125 0.73828125 0.065625 0.0921875
2 0.17734375 0.64296875 0.0953125 0.103125
1 0.26796875 0.77109375 0.0953125 0.1078125
1 0.634375 0.709375 0.0765625 0.0828125
1 0.72734375 0.85078125 0.0890625 0.0859375
1 0.840625 0.9765625 0.084375 0.046875