0 0.490625 0.50390625 0.98125 0.9921875
1 0.06015625 0.3515625 0.0828125 0.078125
2 0.29296875 0.3421875 0.0734375 0.0734375
2 0.66328125 0.2171875 0.0765625 0.071875
1 0.78046875 0.33671875 0.0828125 0.08125
1 0.66484375 0.4640625 0.071875 0.0796875
2 0.434375 0.46015625 0.0734375 0.06875
1 0.06640625 0.5890625 0.0828125 0.078125
2 0.32578125 0.5734375 0.0703125 0.0625
2 0.2125 0.70625 0.0703125 0.071875
2 0.07734375 0.83828125 0.0828125 0.0796875
2 0.44296875 0.6890625 0.075 0.0796875
1 0.678125 0.6859375 0.0796875 0.08125
1 0.45625 0.934375 0.075 0.0828125
1 0.209375 0.94765625 0.0875 0.0875