0 0.4890625 0.50078125 0.9359375 0.9953125
1 0.08515625 0.075 0.0875 0.09296875
1 0.33515625 0.0765625 0.0734375 0.08515625
1 0.56875 0.0828125 0.07890625 0.08046875
1 0.81953125 0.10546875 0.071875 0.08359375
1 0.203125 0.2015625 0.075 0.08046875
1 0.08125 0.31171875 0.08046875 0.078125
1 0.31875 0.32890625 0.071875 0.08046875
1 0.4484375 0.19765625 0.09921875 0.0765625
1 0.56171875 0.3265625 0.0765625 0.08203125
1 0.6734375 0.2421875 0.075 0.07890625
1 0.925 0.22265625 0.0765625 0.075
1 0.915625 0.4765625 0.0921875 0.0875
2 0.78828125 0.5734375 0.06953125 0.0890625
2 0.203125 0.67734375 0.09453125 0.0875
2 0.421875 0.67578125 0.06640625 0.0703125
2 0.66484375 0.7015625 0.06796875 0.09609375
2 0.7765625 0.80859375 0.06796875 0.08515625
2 0.54140625 0.7921875 0.0734375 0.0703125
2 0.29609375 0.77734375 0.06328125 0.0625
2 0.06328125 0.79453125 0.071875 0.08515625
2 0.184375 0.915625 0.08359375 0.075
2 0.409375 0.91796875 0.075 0.0734375
2 0.6484375 0.92265625 0.071875 0.08046875
2 0.8890625 0.93203125 0.075 0.08515625