0 0.4890625 0.50234375 0.9703125 0.9671875
1 0.06484375 0.0921875 0.0703125 0.0875
1 0.31640625 0.07421875 0.07890625 0.078125
2 0.5546875 0.08515625 0.078125 0.08203125
2 0.79453125 0.090625 0.0734375 0.08203125
1 0.19140625 0.2125 0.071875 0.071875
2 0.43984375 0.1984375 0.07890625 0.071875
2 0.80078125 0.32890625 0.06640625 0.071875
1 0.06875 0.33046875 0.08046875 0.078125
1 0.3078125 0.3328125 0.071875 0.071875
2 0.92109375 0.44609375 0.075 0.078125
2 0.19765625 0.45546875 0.0765625 0.0875
2 0.43359375 0.4484375 0.08046875 0.0703125
1 0.66171875 0.46953125 0.0765625 0.08515625
1 0.67265625 0.68359375 0.08359375 0.08046875
1 0.78671875 0.81328125 0.075 0.08515625
1 0.9171875 0.93125 0.09765625 0.0859375
1 0.315625 0.80078125 0.0625 0.06640625
2 0.2125 0.6953125 0.07890625 0.071875
2 0.0703125 0.81875 0.07890625 0.08203125