0 0.4984375 0.50546875 0.975 0.9890625
1 0.06328125 0.08515625 0.0921875 0.0875
1 0.190625 0.2078125 0.0984375 0.08125
1 0.06875 0.3234375 0.0734375 0.0734375
1 0.31640625 0.075 0.0796875 0.075
1 0.55546875 0.07890625 0.075 0.084375
1 0.809375 0.0921875 0.0796875 0.090625
1 0.43359375 0.1984375 0.084375 0.084375
1 0.3109375 0.33359375 0.0734375 0.071875
1 0.6671875 0.23203125 0.0703125 0.075
1 0.5671875 0.32890625 0.0921875 0.0921875
1 0.8 0.34375 0.0734375 0.078125
1 0.92734375 0.4640625 0.075 0.0703125
2 0.671875 0.45390625 0.0703125 0.071875
2 0.9125 0.9203125 0.0765625 0.0828125
2 0.796875 0.8 0.08125 0.0796875
2 0.68046875 0.69921875 0.0703125 0.0796875
2 0.55078125 0.7984375 0.0796875 0.0828125
2 0.43046875 0.678125 0.0734375 0.0703125
2 0.209375 0.690625 0.06875 0.071875
2 0.07265625 0.81640625 0.0703125 0.0734375
2 0.19765625 0.93046875 0.0765625 0.078125
2 0.3109375 0.79296875 0.0640625 0.078125
2 0.421875 0.93046875 0.06875 0.06875
2 0.66953125 0.92109375 0.0765625 0.065625