0 0.5 0.5 1 1
1 0.13203125 0.04140625 0.0890625 0.0828125
1 0.38046875 0.05625 0.08125 0.0890625
1 0.61640625 0.09375 0.0859375 0.08125
1 0.865625 0.14296875 0.0875 0.0875
1 0.2390625 0.1734375 0.09375 0.0953125
1 0.4765625 0.1953125 0.090625 0.0828125
1 0.71171875 0.26015625 0.103125 0.0921875
1 0.95546875 0.27265625 0.0890625 0.0921875
1 0.0984375 0.265625 0.1078125 0.096875
1 0.340625 0.31328125 0.1 0.1
1 0.5890625 0.34140625 0.0890625 0.096875
1 0.82109375 0.3765625 0.0859375 0.0828125
2 0.18515625 0.65234375 0.084375 0.0828125
2 0.4078125 0.671875 0.08125 0.0828125
2 0.64921875 0.72734375 0.0765625 0.0875
2 0.88671875 0.74609375 0.0953125 0.0921875
2 0.03984375 0.76171875 0.0796875 0.0859375
2 0.271875 0.7671875 0.08125 0.0875
2 0.5078125 0.80703125 0.08125 0.0890625
2 0.74765625 0.84296875 0.0828125 0.090625
2 0.14140625 0.8890625 0.0859375 0.084375
2 0.36796875 0.92109375 0.084375 0.09375
2 0.61015625 0.94921875 0.0875 0.0921875
2 0.846875 0.9703125 0.1 0.059375