0 0.49296875 0.50703125 0.97421875 0.96328125
1 0.7859375 0.07734375 0.0625 0.08359375
1 0.91953125 0.21171875 0.08046875 0.08359375
1 0.55078125 0.3234375 0.06953125 0.06953125
1 0.6703125 0.45078125 0.059375 0.06484375
1 0.43671875 0.446875 0.0765625 0.0734375
1 0.19609375 0.6859375 0.06953125 0.0625
1 0.43046875 0.6921875 0.075 0.06953125
1 0.67421875 0.6984375 0.0875 0.08203125
1 0.31875 0.80625 0.075 0.0734375
1 0.4328125 0.91953125 0.0734375 0.078125
1 0.6640625 0.925 0.0890625 0.0734375
1 0.92109375 0.9265625 0.075 0.08046875