0 0.490625 0.50625 0.978125 0.978125
2 0.79375 0.090625 0.075 0.0875
2 0.928125 0.44375 0.08046875 0.0734375
1 0.0640625 0.08671875 0.08359375 0.0921875
1 0.3125 0.071875 0.0703125 0.07890625
1 0.55390625 0.07578125 0.0609375 0.06640625
1 0.1890625 0.20546875 0.071875 0.075
1 0.43046875 0.1984375 0.06953125 0.075
1 0.6640625 0.2265625 0.06640625 0.071875
1 0.0703125 0.31875 0.071875 0.08046875
1 0.309375 0.33203125 0.0734375 0.0765625
1 0.5609375 0.3234375 0.071875 0.078125
2 0.2078125 0.6875 0.08515625 0.0734375
2 0.06953125 0.8171875 0.0765625 0.08203125
2 0.30859375 0.79453125 0.075 0.08203125
2 0.4265625 0.67734375 0.075 0.0765625
2 0.54765625 0.79921875 0.071875 0.07890625
2 0.19453125 0.93046875 0.06328125 0.08515625
2 0.421875 0.92734375 0.075 0.08203125
2 0.66640625 0.91953125 0.075 0.078125
1 0.79140625 0.57265625 0.075 0.08203125
1 0.67578125 0.6859375 0.0734375 0.0765625
1 0.7890625 0.81640625 0.0703125 0.071875