0 0.49140625 0.5078125 0.97421875 0.95625
2 0.90703125 0.21328125 0.075 0.08203125
2 0.91875 0.44765625 0.078125 0.075
2 0.66640625 0.4515625 0.078125 0.078125
2 0.434375 0.45 0.0734375 0.0734375
2 0.20546875 0.4578125 0.06640625 0.06640625
2 0.91953125 0.6828125 0.08046875 0.0765625
2 0.6796875 0.68359375 0.06953125 0.071875
2 0.43515625 0.68828125 0.0765625 0.075
2 0.2 0.93125 0.0859375 0.078125
2 0.44296875 0.9234375 0.078125 0.07890625
2 0.67265625 0.9203125 0.078125 0.0734375
2 0.92109375 0.9171875 0.08046875 0.078125