0 0.49609375 0.503125 0.9734375 0.99375
1 0.07421875 0.0890625 0.0671875 0.075
1 0.07421875 0.32578125 0.0703125 0.0765625
1 0.19375 0.21640625 0.0796875 0.078125
1 0.31640625 0.08359375 0.071875 0.0796875
2 0.20234375 0.45234375 0.0765625 0.06875
2 0.44609375 0.20078125 0.0671875 0.0796875
2 0.55625 0.0890625 0.0703125 0.0796875
2 0.7875 0.09453125 0.078125 0.078125
2 0.54296875 0.33359375 0.0890625 0.0734375
2 0.92265625 0.44921875 0.065625 0.0796875
2 0.07578125 0.8171875 0.0765625 0.084375
2 0.2078125 0.68984375 0.078125 0.0859375
1 0.6671875 0.4703125 0.0640625 0.075
1 0.56015625 0.56484375 0.0765625 0.078125
1 0.3203125 0.79765625 0.0703125 0.06875
1 0.67421875 0.68125 0.0671875 0.06875
1 0.7890625 0.80859375 0.065625 0.071875
1 0.9234375 0.92265625 0.084375 0.084375