0 0.5 0.5 1 1
1 0.15390625 0.0265625 0.0890625 0.053125
1 0.39921875 0.04375 0.0796875 0.0828125
1 0.63515625 0.0953125 0.0828125 0.084375
2 0.871875 0.1578125 0.10625 0.0984375
1 0.25390625 0.1515625 0.0875 0.0953125
1 0.490625 0.1859375 0.0859375 0.0890625
1 0.11171875 0.240625 0.0875 0.08125
1 0.34765625 0.3046875 0.096875 0.0953125
2 0.82265625 0.3875 0.0859375 0.090625
2 0.45078125 0.428125 0.1 0.0984375
2 0.928125 0.5296875 0.0828125 0.090625
1 0.671875 0.49765625 0.0859375 0.0890625
1 0.63515625 0.71328125 0.0828125 0.0875
2 0.58203125 0.9453125 0.0859375 0.090625
2 0.39453125 0.6640625 0.0890625 0.0921875
1 0.2609375 0.765625 0.0828125 0.0859375
2 0.1765625 0.63125 0.0875 0.0953125
2 0.0296875 0.7296875 0.059375 0.1
2 0.11953125 0.865625 0.0921875 0.096875