0 0.49140625 0.50390625 0.9828125 0.99140625
2 0.08046875 0.8375 0.08203125 0.08203125
2 0.21640625 0.703125 0.0765625 0.078125
2 0.19375 0.4609375 0.0734375 0.08203125
1 0.0703125 0.34375 0.08203125 0.0765625
1 0.0515625 0.09921875 0.08359375 0.090625
1 0.18203125 0.22109375 0.0703125 0.078125
1 0.3046875 0.0859375 0.0859375 0.0859375
2 0.43828125 0.20078125 0.0765625 0.07890625
2 0.546875 0.08125 0.0765625 0.08046875
2 0.78046875 0.078125 0.0765625 0.071875
2 0.5375 0.32734375 0.0703125 0.075
2 0.928125 0.43203125 0.075 0.08359375
1 0.67109375 0.45234375 0.078125 0.07890625
1 0.5609375 0.56640625 0.08046875 0.0859375
1 0.68125 0.68515625 0.06953125 0.075
1 0.32421875 0.81171875 0.08359375 0.08203125
1 0.8 0.79609375 0.0703125 0.08203125
1 0.93359375 0.91171875 0.078125 0.0703125