0 0.49609375 0.50078125 0.9921875 0.9984375
2 0.5375 0.0765625 0.0859375 0.08125
2 0.909375 0.21171875 0.08125 0.0734375
2 0.296875 0.33203125 0.06875 0.071875
2 0.540625 0.3125 0.0703125 0.071875
2 0.79140625 0.33203125 0.078125 0.0796875
2 0.08046875 0.5890625 0.0890625 0.08125
2 0.0828125 0.8375 0.08125 0.0796875
2 0.31640625 0.5890625 0.0828125 0.084375
2 0.446875 0.69453125 0.0796875 0.0828125
2 0.56875 0.81171875 0.075 0.0828125
2 0.8015625 0.8046875 0.0765625 0.08125
2 0.93203125 0.9125 0.0859375 0.0875