0 0.49453125 0.50234375 0.97734375 0.978125
1 0.44296875 0.92265625 0.078125 0.08359375
1 0.19765625 0.93359375 0.07890625 0.08359375
2 0.071875 0.82109375 0.07890625 0.08046875
1 0.07421875 0.56875 0.08046875 0.0734375
1 0.0703125 0.33046875 0.08359375 0.08046875
2 0.3078125 0.33125 0.078125 0.078125
2 0.67734375 0.2140625 0.0734375 0.08046875
2 0.209375 0.68828125 0.08203125 0.07890625
1 0.67890625 0.68359375 0.0703125 0.0859375
2 0.44453125 0.6875 0.078125 0.08515625
2 0.32890625 0.56640625 0.075 0.075
2 0.44296875 0.4515625 0.071875 0.071875
1 0.67578125 0.471875 0.08203125 0.0859375
1 0.79609375 0.34140625 0.08515625 0.075