0 0.5 0.5 1 1
2 0.85625 0.1453125 0.0859375 0.09375
1 0.13671875 0.03359375 0.0828125 0.0671875
1 0.384375 0.0515625 0.078125 0.0859375
1 0.6203125 0.0921875 0.0765625 0.071875
1 0.23828125 0.16484375 0.0859375 0.084375
1 0.4796875 0.19140625 0.078125 0.0875
1 0.7109375 0.2578125 0.0875 0.0859375
1 0.95 0.27578125 0.0890625 0.0859375
1 0.10078125 0.25859375 0.0890625 0.0875
1 0.33984375 0.3046875 0.078125 0.0875
1 0.5859375 0.33046875 0.09375 0.0890625
2 0.928125 0.5109375 0.0828125 0.090625
1 0.55 0.57734375 0.0890625 0.0890625
1 0.78046875 0.6140625 0.0828125 0.0890625
2 0.1796875 0.63828125 0.0921875 0.096875
2 0.40234375 0.6671875 0.08125 0.0828125
2 0.040625 0.75 0.08125 0.10625
2 0.2625 0.75859375 0.08125 0.084375
2 0.5015625 0.8015625 0.0921875 0.1015625
2 0.13203125 0.8765625 0.0890625 0.0859375
2 0.3578125 0.91328125 0.0921875 0.103125
2 0.6 0.9421875 0.0828125 0.0921875