0 0.5 0.5 1 1
1 0.03203125 0.14140625 0.0640625 0.0796875
1 0.26875 0.103125 0.0828125 0.0828125
1 0.503125 0.07578125 0.078125 0.0796875
1 0.7546875 0.05546875 0.08125 0.0859375
1 0.1640625 0.25078125 0.084375 0.08125
1 0.40234375 0.2109375 0.08125 0.078125
1 0.63203125 0.2109375 0.090625 0.078125
1 0.0578125 0.3765625 0.0828125 0.08125
1 0.296875 0.3546875 0.0953125 0.0765625
1 0.54140625 0.31796875 0.0921875 0.090625
2 0.90859375 0.39453125 0.090625 0.0859375
1 0.79453125 0.534375 0.08125 0.0921875
1 0.5671875 0.55546875 0.0765625 0.0828125
2 0.45 0.68359375 0.08125 0.084375
2 0.23125 0.72265625 0.09375 0.084375
2 0.1140625 0.865625 0.084375 0.084375
2 0.34921875 0.80859375 0.0859375 0.0890625
2 0.58359375 0.784375 0.0796875 0.090625
2 0.25078125 0.95859375 0.0796875 0.078125
2 0.4796875 0.92890625 0.0875 0.0875
2 0.71328125 0.89609375 0.08125 0.0828125
2 0.95234375 0.8671875 0.0953125 0.09375