0 0.49296875 0.5046875 0.9859375 0.978125
1 0.0640625 0.08359375 0.08046875 0.08203125
1 0.3140625 0.07734375 0.07890625 0.075
1 0.5546875 0.08359375 0.07890625 0.09296875
1 0.80703125 0.0875 0.0734375 0.0875
1 0.1859375 0.20703125 0.06953125 0.06953125
1 0.43359375 0.19453125 0.075 0.06640625
1 0.66484375 0.2265625 0.0734375 0.075
1 0.06953125 0.32109375 0.0734375 0.0703125
1 0.31015625 0.334375 0.06640625 0.078125
1 0.56015625 0.321875 0.0765625 0.06328125
2 0.9265625 0.44296875 0.0734375 0.078125
1 0.79375 0.5734375 0.0859375 0.08359375
1 0.56328125 0.5625 0.075 0.07890625
2 0.20546875 0.68828125 0.0859375 0.071875
2 0.428125 0.67578125 0.059375 0.0703125
2 0.06875 0.81484375 0.0890625 0.0765625
2 0.30703125 0.7921875 0.0765625 0.075
2 0.55078125 0.8 0.078125 0.08515625
2 0.1953125 0.9296875 0.0703125 0.0859375
2 0.421875 0.9265625 0.075 0.0765625
2 0.66796875 0.92265625 0.08046875 0.0890625
2 0.90625 0.92578125 0.0703125 0.08359375