0 0.4890625 0.5 0.978125 1
2 0.7875 0.08359375 0.078125 0.0796875
2 0.92421875 0.4359375 0.08125 0.0703125
1 0.79453125 0.56796875 0.084375 0.0890625
1 0.678125 0.6875 0.0796875 0.0921875
1 0.7890625 0.79765625 0.071875 0.0734375
1 0.07265625 0.3328125 0.0859375 0.075
1 0.065625 0.1 0.09375 0.09375
1 0.3078125 0.08671875 0.084375 0.0875
1 0.18203125 0.215625 0.0875 0.090625
1 0.42578125 0.203125 0.0765625 0.090625
1 0.5484375 0.078125 0.071875 0.0765625
1 0.66328125 0.22734375 0.0734375 0.0703125
1 0.30625 0.3359375 0.090625 0.0796875
1 0.5625 0.3234375 0.0703125 0.075
2 0.21015625 0.69609375 0.065625 0.08125
2 0.0734375 0.8265625 0.078125 0.0796875
2 0.3125 0.796875 0.071875 0.071875
2 0.4390625 0.6875 0.08125 0.0828125
2 0.20078125 0.93671875 0.0703125 0.0703125
2 0.43125 0.93125 0.0734375 0.0859375
2 0.5546875 0.79765625 0.071875 0.0796875
2 0.67734375 0.91953125 0.06875 0.078125