0 0.49921875 0.50546875 0.9703125 0.9890625
1 0.55625 0.5734375 0.075 0.08046875
1 0.79296875 0.58203125 0.07890625 0.0859375
2 0.92890625 0.45625 0.08203125 0.08046875
1 0.0703125 0.08046875 0.0890625 0.09296875
1 0.3234375 0.07109375 0.0703125 0.078125
1 0.56796875 0.07890625 0.071875 0.0734375
2 0.803125 0.096875 0.07890625 0.08359375
1 0.19609375 0.2078125 0.08046875 0.09609375
1 0.43671875 0.1984375 0.08203125 0.08046875
1 0.67734375 0.23359375 0.07890625 0.06796875
1 0.921875 0.2203125 0.090625 0.07890625
1 0.56796875 0.328125 0.075 0.0734375
1 0.31171875 0.32890625 0.071875 0.075
1 0.06953125 0.31796875 0.0875 0.08515625
2 0.203125 0.6921875 0.08046875 0.0890625
2 0.42421875 0.68125 0.0734375 0.0859375
2 0.059375 0.81015625 0.0765625 0.0765625
2 0.309375 0.7921875 0.0734375 0.0765625
2 0.54375 0.80234375 0.071875 0.08046875
2 0.190625 0.9265625 0.0875 0.08515625
2 0.41953125 0.93359375 0.06953125 0.08046875
2 0.6625 0.92890625 0.078125 0.0765625