0 0.5 0.5 1 1
1 0.15078125 0.0328125 0.0859375 0.065625
1 0.40078125 0.046875 0.0921875 0.0921875
2 0.6328125 0.103125 0.0921875 0.0953125
2 0.8671875 0.1546875 0.0875 0.0953125
1 0.2515625 0.15859375 0.084375 0.084375
2 0.4984375 0.1921875 0.090625 0.0859375
2 0.828125 0.3890625 0.078125 0.0828125
1 0.109375 0.2515625 0.09375 0.0921875
1 0.34296875 0.29921875 0.084375 0.084375
2 0.9234375 0.52734375 0.0890625 0.090625
2 0.21171875 0.3984375 0.0921875 0.1
2 0.44453125 0.43671875 0.0921875 0.084375
1 0.66484375 0.50078125 0.090625 0.0984375
1 0.634375 0.71328125 0.096875 0.0953125
1 0.721875 0.8625 0.090625 0.0984375
1 0.8265625 0.97578125 0.1125 0.0484375
1 0.26171875 0.76015625 0.0734375 0.0765625
2 0.18046875 0.63671875 0.090625 0.0859375
2 0.03203125 0.73046875 0.0640625 0.0953125