0 0.5 0.5 1 1
1 0.56953125 0.56171875 0.0890625 0.09375
1 0.803125 0.525 0.09375 0.1
2 0.9125 0.375 0.0953125 0.0953125
1 0.025 0.16953125 0.05 0.1078125
1 0.24453125 0.1125 0.084375 0.090625
1 0.48671875 0.0734375 0.084375 0.0859375
2 0.7203125 0.046875 0.09375 0.09375
1 0.14609375 0.27109375 0.096875 0.109375
1 0.38046875 0.21640625 0.0953125 0.0953125
1 0.6234375 0.2046875 0.090625 0.08125
1 0.8609375 0.1453125 0.1046875 0.0953125
1 0.53359375 0.31796875 0.0875 0.0859375
1 0.2828125 0.36796875 0.084375 0.0875
1 0.046875 0.403125 0.09375 0.1
2 0.2453125 0.7453125 0.0953125 0.103125
2 0.46015625 0.6921875 0.0890625 0.0984375
2 0.1265625 0.88828125 0.0890625 0.0890625
2 0.36875 0.8234375 0.0859375 0.0890625
2 0.60078125 0.78828125 0.0859375 0.0921875
2 0.27734375 0.9640625 0.1015625 0.071875
2 0.50390625 0.940625 0.084375 0.0921875
2 0.74140625 0.88984375 0.090625 0.090625