0 0.5 0.5 1 1
1 0.01875 0.190625 0.0375 0.096875
1 0.228125 0.1296875 0.090625 0.0921875
1 0.45859375 0.078125 0.0921875 0.0875
1 0.7078125 0.040625 0.0875 0.08125
1 0.13671875 0.28515625 0.0890625 0.0859375
1 0.3703125 0.21953125 0.103125 0.096875
1 0.6 0.2078125 0.0890625 0.09375
1 0.04921875 0.4234375 0.0984375 0.090625
1 0.27890625 0.378125 0.0875 0.0890625
1 0.52265625 0.315625 0.0859375 0.084375
2 0.8984375 0.34921875 0.1 0.090625
1 0.79765625 0.50703125 0.09375 0.0859375
1 0.5734375 0.5453125 0.090625 0.09375
2 0.26171875 0.746875 0.0859375 0.096875
2 0.46875 0.6875 0.0828125 0.090625
2 0.15625 0.903125 0.096875 0.084375
2 0.3796875 0.825 0.090625 0.084375
2 0.61171875 0.775 0.0796875 0.09375
2 0.29609375 0.96875 0.0859375 0.0625
2 0.52421875 0.9265625 0.0875 0.1046875
2 0.7546875 0.86953125 0.0859375 0.09375
2 0.9703125 0.81875 0.059375 0.10625