0 0.50078125 0.50234375 0.95859375 0.9953125
1 0.0765625 0.078125 0.08203125 0.0890625
1 0.3265625 0.07421875 0.0734375 0.078125
1 0.5671875 0.078125 0.06796875 0.06640625
1 0.8171875 0.096875 0.06796875 0.0859375
1 0.2 0.2046875 0.0859375 0.0875
1 0.4421875 0.196875 0.06640625 0.071875
1 0.675 0.234375 0.06328125 0.06796875
1 0.9265625 0.2125 0.08046875 0.0734375
1 0.0765625 0.31640625 0.08203125 0.0859375
1 0.3171875 0.328125 0.078125 0.08203125
1 0.56796875 0.32578125 0.078125 0.078125
1 0.7984375 0.334375 0.08046875 0.08046875
2 0.20703125 0.684375 0.075 0.08203125
2 0.42734375 0.67890625 0.06484375 0.07890625
2 0.6765625 0.7015625 0.08359375 0.0734375
2 0.9125 0.69296875 0.071875 0.0734375
2 0.06953125 0.80859375 0.07890625 0.06796875
2 0.30390625 0.78671875 0.0765625 0.071875
2 0.546875 0.7984375 0.06953125 0.078125
2 0.78984375 0.8046875 0.075 0.07890625
2 0.190625 0.92421875 0.07890625 0.08359375
2 0.42109375 0.9265625 0.0703125 0.08203125
2 0.6625 0.92578125 0.078125 0.075
2 0.90703125 0.93359375 0.071875 0.06953125