0 0.5 0.5 1 1
1 0.0390625 0.11015625 0.078125 0.0890625
1 0.284375 0.08515625 0.0734375 0.0765625
1 0.52578125 0.07421875 0.075 0.0765625
2 0.77109375 0.07265625 0.0984375 0.0890625
1 0.17265625 0.2265625 0.0796875 0.0875
1 0.41015625 0.19921875 0.078125 0.08125
1 0.0578125 0.35 0.08125 0.0734375
1 0.30234375 0.35078125 0.0890625 0.0859375
2 0.7828125 0.3078125 0.0765625 0.084375
2 0.434375 0.44375 0.090625 0.0890625
2 0.92109375 0.41796875 0.075 0.0828125
1 0.66484375 0.453125 0.0765625 0.08125
1 0.6859375 0.67109375 0.075 0.0796875
2 0.69453125 0.90859375 0.0765625 0.0828125
2 0.440625 0.6859375 0.0796875 0.084375
1 0.3375 0.81875 0.075 0.078125
2 0.221875 0.71015625 0.0796875 0.0890625
2 0.08828125 0.84921875 0.0875 0.0921875
2 0.2265625 0.9515625 0.084375 0.0890625