0 0.5 0.5 1 1
1 0.19921875 0.02109375 0.1078125 0.0421875
1 0.44140625 0.04921875 0.0921875 0.0984375
1 0.66796875 0.11171875 0.0953125 0.096875
1 0.90546875 0.19453125 0.090625 0.0984375
1 0.284375 0.13828125 0.0921875 0.096875
1 0.1390625 0.215625 0.096875 0.0953125
1 0.365625 0.28984375 0.0890625 0.0953125
1 0.5234375 0.19453125 0.1140625 0.0984375
1 0.6015625 0.346875 0.09375 0.0984375
1 0.73046875 0.2921875 0.0921875 0.0953125
1 0.96640625 0.3328125 0.0671875 0.090625
1 0.90859375 0.578125 0.1109375 0.1078125
2 0.76171875 0.640625 0.0890625 0.103125
2 0.16875 0.6 0.1125 0.1078125
2 0.38203125 0.6515625 0.08125 0.084375
2 0.6109375 0.73515625 0.0890625 0.109375
2 0.69375 0.86640625 0.0859375 0.0984375
2 0.46953125 0.79375 0.0875 0.0859375
2 0.23515625 0.71953125 0.0765625 0.0765625
2 0.025 0.6796875 0.05 0.1
2 0.09296875 0.8265625 0.1 0.09375
2 0.3109375 0.88359375 0.090625 0.0890625
2 0.54140625 0.94609375 0.0890625 0.0953125
2 0.771875 0.98125 0.09375 0.0375