0 0.5 0.5 1 1
1 0.428125 0.9203125 0.08125 0.0859375
1 0.1828125 0.92265625 0.08125 0.0859375
2 0.0609375 0.80625 0.08125 0.0828125
1 0.071875 0.55390625 0.0828125 0.0765625
1 0.0765625 0.315625 0.0859375 0.0828125
2 0.3140625 0.325 0.08125 0.08125
2 0.6875 0.2203125 0.0765625 0.0828125
2 0.203125 0.678125 0.084375 0.08125
1 0.67265625 0.68984375 0.0734375 0.0890625
2 0.43828125 0.68515625 0.08125 0.0875
2 0.3265625 0.56015625 0.078125 0.078125
2 0.44453125 0.44921875 0.075 0.075
1 0.6765625 0.478125 0.084375 0.0890625
1 0.8015625 0.3515625 0.0875 0.078125