0 0.49609375 0.50546875 0.95625 0.9796875
1 0.08125 0.08203125 0.06640625 0.0734375
1 0.07734375 0.31875 0.06953125 0.075
1 0.1984375 0.2109375 0.078125 0.0765625
1 0.3234375 0.08046875 0.0703125 0.07890625
2 0.203125 0.446875 0.075 0.06796875
2 0.4515625 0.2 0.06640625 0.078125
2 0.56328125 0.08984375 0.06953125 0.078125
2 0.79453125 0.1 0.0765625 0.0765625
2 0.54609375 0.334375 0.0875 0.071875
2 0.9234375 0.45625 0.06484375 0.078125
2 0.0703125 0.809375 0.075 0.08359375
2 0.2046875 0.684375 0.0765625 0.08515625
1 0.66796875 0.4734375 0.06328125 0.0734375
1 0.559375 0.565625 0.075 0.0765625
1 0.31484375 0.79453125 0.06953125 0.06796875
1 0.67109375 0.684375 0.06640625 0.06796875
1 0.78359375 0.81328125 0.06484375 0.0703125
1 0.915625 0.9296875 0.08359375 0.08359375