0 0.5 0.5 1 1
1 0.10859375 0.05 0.078125 0.078125
1 0.35625 0.0640625 0.08125 0.08125
1 0.59140625 0.0859375 0.0765625 0.078125
1 0.84140625 0.11796875 0.078125 0.084375
1 0.2234375 0.18671875 0.0828125 0.078125
1 0.46484375 0.19765625 0.0796875 0.075
1 0.6890625 0.24453125 0.0890625 0.075
1 0.09296875 0.2875 0.08125 0.0796875
1 0.33203125 0.315625 0.0921875 0.0734375
1 0.578125 0.33046875 0.090625 0.0875
2 0.921875 0.48203125 0.0890625 0.0828125
1 0.78125 0.5953125 0.078125 0.0890625
1 0.5546875 0.56796875 0.075 0.08125
2 0.41328125 0.66875 0.078125 0.0828125
2 0.190625 0.66171875 0.090625 0.0828125
2 0.046875 0.77734375 0.08125 0.0828125
2 0.28828125 0.77109375 0.0828125 0.0875
2 0.52265625 0.7953125 0.0765625 0.0875
2 0.1609375 0.896875 0.078125 0.0765625
2 0.390625 0.915625 0.0859375 0.0859375
2 0.62578125 0.93125 0.0796875 0.08125
2 0.865625 0.953125 0.0921875 0.090625