0 0.5 0.5 1 1
2 0.5109375 0.0734375 0.0765625 0.0796875
2 0.89140625 0.184375 0.0921875 0.0921875
2 0.28359375 0.34140625 0.084375 0.084375
2 0.53046875 0.3171875 0.0796875 0.0796875
2 0.7765625 0.3203125 0.0953125 0.09375
2 0.08359375 0.62421875 0.0875 0.0859375
2 0.3203125 0.6046875 0.090625 0.0921875
2 0.45390625 0.69296875 0.0703125 0.0890625
2 0.584375 0.80703125 0.0734375 0.08125
2 0.10859375 0.865625 0.1 0.0859375
2 0.8265625 0.7859375 0.071875 0.06875
2 0.95546875 0.88671875 0.0890625 0.0921875