0 0.4890625 0.5 0.978125 1
1 0.04140625 0.10625 0.0796875 0.0734375
1 0.05859375 0.35 0.075 0.065625
1 0.17265625 0.228125 0.084375 0.0796875
1 0.29375 0.0890625 0.08125 0.075
1 0.41484375 0.203125 0.0734375 0.0765625
1 0.303125 0.34765625 0.071875 0.0703125
1 0.55234375 0.32578125 0.0796875 0.078125
1 0.5328125 0.07578125 0.06875 0.071875
1 0.65 0.22109375 0.075 0.071875
1 0.78671875 0.0734375 0.0734375 0.0828125
1 0.90390625 0.18671875 0.0828125 0.071875
1 0.9203125 0.44140625 0.0765625 0.065625
2 0.8 0.553125 0.071875 0.06875
2 0.215625 0.7078125 0.0765625 0.071875
2 0.08515625 0.84453125 0.096875 0.0828125
2 0.4375 0.68359375 0.0828125 0.078125
2 0.321875 0.80390625 0.071875 0.0796875
2 0.21484375 0.946875 0.0734375 0.084375
2 0.45 0.934375 0.084375 0.090625
2 0.56328125 0.79921875 0.084375 0.084375
2 0.6859375 0.6875 0.06875 0.0765625
2 0.6875 0.9171875 0.065625 0.078125
2 0.81171875 0.79140625 0.0828125 0.090625
2 0.93125 0.90625 0.0671875 0.0796875