0 0.4875 0.5 0.96875 1
1 0.0859375 0.06328125 0.084375 0.0828125
1 0.82890625 0.10859375 0.0765625 0.078125
1 0.3375 0.07109375 0.078125 0.0796875
1 0.5765625 0.08203125 0.065625 0.071875
1 0.203125 0.19609375 0.078125 0.0734375
1 0.0765625 0.30625 0.0875 0.09375
1 0.3203125 0.32734375 0.08125 0.08125
1 0.4484375 0.19375 0.0734375 0.0734375
1 0.56953125 0.3296875 0.0671875 0.071875
1 0.6796875 0.23828125 0.0765625 0.0796875
1 0.809375 0.371875 0.075 0.0890625
2 0.671875 0.4671875 0.0765625 0.078125
1 0.91640625 0.48671875 0.0796875 0.084375
2 0.1953125 0.68203125 0.0671875 0.075
2 0.05234375 0.79921875 0.078125 0.075
2 0.2890625 0.7921875 0.0765625 0.0859375
2 0.17109375 0.91875 0.06875 0.0671875
2 0.4203125 0.6796875 0.0671875 0.078125
2 0.3984375 0.92421875 0.0734375 0.0765625
2 0.5328125 0.80390625 0.0671875 0.0796875
2 0.66640625 0.70703125 0.075 0.071875
2 0.7765625 0.82109375 0.078125 0.0734375
2 0.646875 0.928125 0.065625 0.0796875
2 0.88671875 0.94921875 0.08125 0.0703125