0 0.49140625 0.50234375 0.96328125 0.96171875
1 0.2046875 0.925 0.075 0.08203125
1 0.4421875 0.92265625 0.0890625 0.0890625
1 0.671875 0.6875 0.07890625 0.08203125
2 0.07109375 0.80703125 0.08359375 0.08515625
2 0.20859375 0.69140625 0.071875 0.0703125
1 0.06796875 0.5625 0.0875 0.08203125
1 0.07109375 0.3359375 0.075 0.0859375
2 0.3046875 0.33046875 0.06328125 0.06640625
2 0.43671875 0.45390625 0.0734375 0.0734375
2 0.671875 0.2171875 0.0703125 0.071875
2 0.32890625 0.56171875 0.075 0.071875
2 0.44296875 0.68359375 0.06484375 0.06953125
1 0.665625 0.46328125 0.06796875 0.08046875
1 0.78515625 0.3421875 0.06953125 0.0765625