0 0.490625 0.5046875 0.9703125 0.9671875
1 0.071875 0.0875 0.08515625 0.090625
1 0.31796875 0.08046875 0.08203125 0.08515625
1 0.55546875 0.08125 0.0625 0.06328125
1 0.79296875 0.08984375 0.0765625 0.0859375
1 0.190625 0.2078125 0.0765625 0.08515625
1 0.4359375 0.19765625 0.078125 0.08203125
1 0.6703125 0.22890625 0.07890625 0.08515625
2 0.79921875 0.3234375 0.0765625 0.071875
2 0.91875 0.44296875 0.0875 0.0765625
1 0.07265625 0.321875 0.071875 0.08046875
1 0.3125 0.33125 0.07890625 0.0703125
1 0.56171875 0.325 0.06796875 0.0765625
2 0.4375 0.44453125 0.06640625 0.075
1 0.67109375 0.67578125 0.08359375 0.0765625
2 0.66640625 0.91875 0.071875 0.0859375
2 0.43359375 0.68125 0.06953125 0.08046875
2 0.2078125 0.68828125 0.0734375 0.07890625
2 0.071875 0.81640625 0.0765625 0.08359375
2 0.1953125 0.92421875 0.07890625 0.08359375