0 0.5 0.5 1 1
2 0.71796875 0.04765625 0.0890625 0.0953125
2 0.91171875 0.3703125 0.0921875 0.0859375
1 0.02421875 0.16796875 0.0484375 0.1046875
1 0.240625 0.1109375 0.0828125 0.090625
1 0.4796875 0.07265625 0.071875 0.0765625
1 0.14296875 0.2640625 0.084375 0.0859375
1 0.37890625 0.21484375 0.08125 0.0859375
1 0.6140625 0.20234375 0.078125 0.0828125
1 0.0453125 0.39609375 0.084375 0.0921875
1 0.2828125 0.36796875 0.0859375 0.0875
1 0.5296875 0.315625 0.084375 0.0890625
2 0.24453125 0.73515625 0.096875 0.0875
2 0.13125 0.8875 0.0890625 0.09375
2 0.3625 0.8234375 0.0875 0.09375
2 0.45859375 0.6875 0.0875 0.0890625
2 0.59921875 0.78671875 0.084375 0.090625
2 0.27421875 0.96484375 0.0765625 0.0703125
2 0.49765625 0.934375 0.0875 0.09375
2 0.73671875 0.884375 0.0875 0.090625
1 0.79921875 0.52109375 0.0875 0.09375
1 0.70546875 0.65234375 0.0859375 0.0875
1 0.83984375 0.76171875 0.08125 0.0828125