0 0.48515625 0.503125 0.9703125 0.99375
1 0.0484375 0.0984375 0.078125 0.071875
1 0.0609375 0.3421875 0.0734375 0.06484375
1 0.17734375 0.22265625 0.08359375 0.078125
1 0.30078125 0.08515625 0.08046875 0.0734375
1 0.4203125 0.2015625 0.071875 0.075
1 0.30546875 0.34453125 0.0703125 0.06953125
1 0.55546875 0.3265625 0.07890625 0.0765625
1 0.53984375 0.0765625 0.06796875 0.0703125
1 0.6546875 0.2234375 0.0734375 0.0703125
1 0.79375 0.078125 0.071875 0.08203125
1 0.909375 0.19375 0.08203125 0.0703125
1 0.92109375 0.4484375 0.075 0.06484375
2 0.79921875 0.55859375 0.0703125 0.06796875
2 0.21171875 0.703125 0.075 0.0703125
2 0.07890625 0.8375 0.09609375 0.08046875
2 0.434375 0.6828125 0.08203125 0.0765625
2 0.31640625 0.80078125 0.0703125 0.078125
2 0.20703125 0.9421875 0.071875 0.08359375
2 0.4421875 0.93359375 0.08359375 0.0890625
2 0.5578125 0.8 0.08359375 0.08359375
2 0.6828125 0.690625 0.06796875 0.075
2 0.68046875 0.9203125 0.06484375 0.0765625
2 0.80625 0.796875 0.08203125 0.0890625
2 0.92421875 0.9140625 0.06640625 0.078125