0 0.496875 0.5015625 0.99375 0.996875
1 0.0890625 0.0703125 0.078125 0.084375
1 0.33359375 0.071875 0.078125 0.0796875
1 0.56953125 0.08203125 0.08125 0.075
1 0.821875 0.10625 0.075 0.078125
1 0.2046875 0.19921875 0.078125 0.0734375
1 0.44765625 0.1953125 0.090625 0.08125
1 0.67265625 0.24296875 0.0765625 0.08125
1 0.08203125 0.30859375 0.0921875 0.075
1 0.31796875 0.325 0.075 0.078125
1 0.56953125 0.32734375 0.075 0.0734375
2 0.9234375 0.4578125 0.0875 0.0765625
1 0.78515625 0.58359375 0.0828125 0.071875
1 0.55859375 0.56328125 0.078125 0.08125
2 0.20625 0.6765625 0.071875 0.0859375
2 0.42109375 0.6734375 0.0703125 0.078125
2 0.06328125 0.80078125 0.0859375 0.0703125
2 0.29921875 0.7828125 0.0796875 0.071875
2 0.53671875 0.79453125 0.065625 0.084375
2 0.1796875 0.9109375 0.075 0.0734375
2 0.4125 0.91796875 0.071875 0.09375
2 0.65 0.92265625 0.0734375 0.0828125
2 0.88984375 0.934375 0.0796875 0.09375