0 0.4984375 0.5 0.996875 1
1 0.10859375 0.04296875 0.0890625 0.0859375
1 0.8484375 0.1265625 0.0796875 0.08125
1 0.36015625 0.06328125 0.08125 0.0828125
1 0.5984375 0.08671875 0.0703125 0.075
1 0.21953125 0.18125 0.08125 0.0765625
1 0.0875 0.28359375 0.090625 0.0984375
1 0.3296875 0.31796875 0.0859375 0.0859375
1 0.4640625 0.19140625 0.0765625 0.0765625
1 0.578125 0.3328125 0.071875 0.075
1 0.69296875 0.24765625 0.0796875 0.0828125
1 0.815625 0.38828125 0.0796875 0.0921875
2 0.6734375 0.47578125 0.0796875 0.08125
1 0.9171875 0.50859375 0.084375 0.0890625
2 0.1859375 0.665625 0.071875 0.078125
2 0.0390625 0.775 0.078125 0.078125
2 0.27421875 0.78125 0.08125 0.090625
2 0.14921875 0.90078125 0.071875 0.0703125
2 0.4109375 0.67578125 0.071875 0.08125
2 0.37578125 0.91796875 0.0765625 0.0796875
2 0.5171875 0.8046875 0.071875 0.0828125
2 0.65546875 0.715625 0.078125 0.075
2 0.759375 0.83515625 0.08125 0.0765625
2 0.625 0.93515625 0.0703125 0.0828125
2 0.8625 0.965625 0.084375 0.06875