0 0.48984375 0.50703125 0.97109375 0.97734375
2 0.55234375 0.078125 0.08359375 0.07890625
2 0.91953125 0.2265625 0.078125 0.0703125
2 0.303125 0.325 0.06640625 0.0703125
2 0.546875 0.3140625 0.06796875 0.0703125
2 0.796875 0.3421875 0.075 0.0765625
2 0.07734375 0.57421875 0.0859375 0.07890625
2 0.07109375 0.82265625 0.078125 0.0765625
2 0.31328125 0.5828125 0.08046875 0.08203125
2 0.43984375 0.6921875 0.0765625 0.08046875
2 0.5578125 0.8140625 0.071875 0.08046875
2 0.790625 0.81484375 0.0734375 0.078125
2 0.9171875 0.92734375 0.08359375 0.08515625