0 0.5 0.5 1 1
1 0.1171875 0.04296875 0.0859375 0.0859375
1 0.3625 0.05859375 0.0859375 0.08125
1 0.60234375 0.0875 0.0875 0.0921875
2 0.8390625 0.12421875 0.0703125 0.0828125
1 0.22265625 0.18359375 0.0796875 0.0875
1 0.46640625 0.19140625 0.08125 0.0828125
1 0.69296875 0.2484375 0.0796875 0.0796875
1 0.090625 0.27890625 0.0859375 0.084375
1 0.33125 0.31328125 0.075 0.075
1 0.57734375 0.33046875 0.0734375 0.071875
2 0.81796875 0.36015625 0.084375 0.0875
2 0.93515625 0.4921875 0.084375 0.084375
2 0.44296875 0.4390625 0.084375 0.084375
1 0.65390625 0.703125 0.078125 0.0859375
2 0.4140625 0.6734375 0.0734375 0.0859375
2 0.62734375 0.93671875 0.071875 0.0921875
2 0.190625 0.65625 0.0859375 0.0859375
2 0.03984375 0.77265625 0.0796875 0.0921875
2 0.15234375 0.8953125 0.078125 0.084375