1 0.06796875 0.090625 0.0703125 0.0765625
0 0.49609375 0.509375 0.97578125 0.96015625
1 0.31640625 0.078125 0.0734375 0.075
2 0.55625 0.08515625 0.075 0.08515625
2 0.79296875 0.09296875 0.0734375 0.0734375
1 0.190625 0.2125 0.0734375 0.07890625
2 0.4453125 0.20078125 0.06796875 0.0765625
1 0.06953125 0.325 0.07890625 0.08203125
1 0.31015625 0.33671875 0.06953125 0.07890625
2 0.796875 0.32734375 0.08359375 0.075
2 0.92265625 0.44609375 0.08359375 0.071875
2 0.19375 0.453125 0.0703125 0.078125
2 0.43515625 0.4453125 0.06953125 0.07890625
1 0.66875 0.46796875 0.0734375 0.0734375
2 0.06796875 0.81875 0.07890625 0.07890625
2 0.20703125 0.696875 0.08046875 0.090625
1 0.31875 0.80703125 0.08046875 0.09453125
1 0.66875 0.6828125 0.06484375 0.0734375
1 0.78515625 0.80625 0.078125 0.0734375
1 0.92265625 0.9296875 0.071875 0.075