0 0.5 0.5 1 1
1 0.04453125 0.11875 0.0890625 0.096875
1 0.2890625 0.09453125 0.0875 0.090625
1 0.52578125 0.078125 0.0671875 0.0671875
1 0.76328125 0.0703125 0.0828125 0.090625
1 0.17109375 0.23046875 0.0828125 0.090625
1 0.41484375 0.203125 0.084375 0.0875
1 0.65078125 0.21796875 0.084375 0.090625
2 0.7859375 0.303125 0.08125 0.0765625
2 0.9140625 0.4140625 0.0921875 0.0828125
1 0.0609375 0.35234375 0.0765625 0.0859375
1 0.3015625 0.34453125 0.084375 0.075
1 0.54921875 0.32109375 0.0734375 0.08125
2 0.43359375 0.44921875 0.071875 0.0796875
1 0.6828125 0.66328125 0.0890625 0.0828125
2 0.6953125 0.90625 0.078125 0.090625
2 0.44609375 0.68515625 0.075 0.084375
2 0.221875 0.70859375 0.078125 0.084375
2 0.0953125 0.8453125 0.0828125 0.0890625
2 0.22578125 0.94453125 0.084375 0.0890625