0 0.4953125 0.5 0.990625 1
1 0.07265625 0.07421875 0.084375 0.0796875
1 0.20078125 0.203125 0.06875 0.0765625
1 0.08125 0.31953125 0.0796875 0.0828125
1 0.32265625 0.0671875 0.0796875 0.078125
1 0.440625 0.19140625 0.0703125 0.075
1 0.5625 0.0734375 0.071875 0.0734375
1 0.81875 0.09453125 0.0796875 0.0859375
1 0.9265625 0.21328125 0.075 0.0859375
1 0.928125 0.46328125 0.075 0.0796875
1 0.6796875 0.22734375 0.0796875 0.0765625
1 0.5640625 0.3171875 0.084375 0.0796875
1 0.31953125 0.3296875 0.0890625 0.084375
2 0.79765625 0.56875 0.0671875 0.0765625
2 0.67578125 0.69609375 0.0640625 0.0828125
2 0.43203125 0.67265625 0.0734375 0.0734375
2 0.20546875 0.6765625 0.08125 0.0734375
2 0.06484375 0.80703125 0.075 0.0796875
2 0.19140625 0.925 0.0796875 0.0890625
2 0.30625 0.78671875 0.0640625 0.0640625
2 0.41796875 0.92421875 0.0765625 0.084375
2 0.5484375 0.7984375 0.0875 0.0796875
2 0.66640625 0.92421875 0.06875 0.0765625
2 0.790625 0.80390625 0.065625 0.0765625
2 0.9046875 0.93125 0.0703125 0.0796875