0 0.5 0.5 1 1
2 0.47578125 0.07734375 0.0921875 0.1015625
2 0.86328125 0.1609375 0.084375 0.084375
2 0.75546875 0.29140625 0.084375 0.084375
2 0.51328125 0.3109375 0.08125 0.078125
2 0.27265625 0.3609375 0.090625 0.084375
2 0.1 0.64140625 0.0953125 0.090625
2 0.334375 0.6140625 0.0796875 0.090625
2 0.13203125 0.88828125 0.1 0.0984375
2 0.46640625 0.696875 0.090625 0.084375
2 0.6078125 0.7984375 0.071875 0.0765625
2 0.83515625 0.759375 0.0921875 0.103125
2 0.96328125 0.84765625 0.0734375 0.1046875