0 0.49609375 0.50546875 0.9921875 0.9453125
1 0.053125 0.09921875 0.0859375 0.0875
1 0.3015625 0.08125 0.08046875 0.08359375
1 0.54140625 0.07421875 0.0703125 0.075
1 0.79296875 0.078125 0.0875 0.08515625
1 0.91015625 0.1890625 0.078125 0.08046875
1 0.65625 0.22109375 0.0765625 0.08046875
1 0.7921875 0.31953125 0.07890625 0.0734375
1 0.4203125 0.19609375 0.07890625 0.078125
1 0.18046875 0.21640625 0.0859375 0.07890625
1 0.06171875 0.33828125 0.075 0.0765625
1 0.3015625 0.33828125 0.078125 0.0765625
1 0.5515625 0.3171875 0.08515625 0.071875
2 0.2171875 0.69921875 0.075 0.08046875
2 0.4359375 0.68203125 0.078125 0.06953125
2 0.68359375 0.690625 0.08046875 0.075
2 0.9234375 0.6671875 0.0703125 0.0703125
2 0.08046875 0.83671875 0.08515625 0.08046875
2 0.31875 0.8 0.06953125 0.08046875
2 0.559375 0.7953125 0.071875 0.071875
2 0.80390625 0.78984375 0.075 0.08359375
2 0.21171875 0.94140625 0.08359375 0.07890625
2 0.43984375 0.93046875 0.07890625 0.08515625
2 0.68203125 0.915625 0.075 0.08359375
2 0.92421875 0.909375 0.0890625 0.07890625