0 0.5 0.5 1 1
1 0.03125 0.14921875 0.0625 0.1015625
1 0.26171875 0.10625 0.084375 0.0890625
1 0.5 0.07265625 0.078125 0.0765625
1 0.75 0.05234375 0.08125 0.0953125
1 0.1578125 0.25546875 0.0984375 0.1
1 0.3953125 0.209375 0.0765625 0.08125
1 0.63125 0.21015625 0.0734375 0.0765625
1 0.8765625 0.14921875 0.090625 0.084375
1 0.053125 0.38515625 0.09375 0.0984375
1 0.2921875 0.35859375 0.090625 0.09375
1 0.53984375 0.3171875 0.0890625 0.0890625
1 0.76875 0.28984375 0.0921875 0.0921875
2 0.23984375 0.728125 0.0875 0.0921875
2 0.45625 0.68828125 0.0765625 0.0875
2 0.70625 0.67109375 0.09375 0.0859375
2 0.9375 0.62578125 0.0828125 0.084375
2 0.1234375 0.871875 0.0890625 0.0796875
2 0.3515625 0.8140625 0.0875 0.0828125
2 0.59296875 0.7875 0.08125 0.0875
2 0.83359375 0.75546875 0.0859375 0.0890625
2 0.2609375 0.959375 0.090625 0.08125
2 0.4890625 0.93359375 0.0828125 0.0921875
2 0.72734375 0.8953125 0.0890625 0.0859375
2 0.9640625 0.86484375 0.071875 0.0796875