0 0.49921875 0.5015625 0.9921875 0.996875
1 0.04453125 0.10859375 0.0890625 0.0890625
1 0.17578125 0.22421875 0.1 0.0828125
1 0.06015625 0.346875 0.075 0.075
1 0.29453125 0.08515625 0.08125 0.0765625
1 0.53359375 0.0765625 0.0765625 0.0859375
1 0.7875 0.0765625 0.08125 0.0921875
1 0.41796875 0.20234375 0.0859375 0.0859375
1 0.30234375 0.34375 0.075 0.0734375
1 0.653125 0.2234375 0.071875 0.0765625
1 0.5578125 0.32578125 0.09375 0.09375
1 0.79140625 0.328125 0.075 0.0796875
1 0.925 0.44140625 0.0765625 0.071875
2 0.66953125 0.44453125 0.071875 0.0734375
2 0.93359375 0.8984375 0.078125 0.084375
2 0.8125 0.78359375 0.0828125 0.08125
2 0.690625 0.68984375 0.071875 0.08125
2 0.56640625 0.7953125 0.08125 0.084375
2 0.43984375 0.68203125 0.075 0.071875
2 0.21953125 0.70546875 0.0703125 0.071875
2 0.08984375 0.83828125 0.071875 0.075
2 0.22109375 0.94609375 0.078125 0.0796875
2 0.3265625 0.80234375 0.065625 0.078125
2 0.44453125 0.934375 0.0703125 0.0703125
2 0.69140625 0.91171875 0.0765625 0.0671875