0 0.49765625 0.50546875 0.97265625 0.9890625
1 0.078125 0.08046875 0.07890625 0.09296875
1 0.32734375 0.07421875 0.071875 0.08046875
1 0.56640625 0.0828125 0.078125 0.071875
1 0.81953125 0.10078125 0.078125 0.078125
1 0.2015625 0.2078125 0.08359375 0.08515625
1 0.43984375 0.20078125 0.08203125 0.0734375
1 0.68125 0.2359375 0.09453125 0.08203125
1 0.9265625 0.21953125 0.08203125 0.08359375
1 0.07265625 0.31640625 0.09765625 0.08515625
1 0.31875 0.334375 0.0890625 0.0890625
1 0.56875 0.33203125 0.07890625 0.0875
1 0.80390625 0.33828125 0.078125 0.0734375
2 0.20625 0.68984375 0.0765625 0.0734375
2 0.4296875 0.68203125 0.0734375 0.075
2 0.67578125 0.7078125 0.06796875 0.08046875
2 0.9140625 0.696875 0.0859375 0.08203125
2 0.06796875 0.8171875 0.08515625 0.0765625
2 0.30625 0.79296875 0.071875 0.07890625
2 0.5453125 0.80390625 0.071875 0.08046875
2 0.7875 0.81015625 0.0734375 0.08203125
2 0.19140625 0.9296875 0.078125 0.075
2 0.4203125 0.934375 0.075 0.08515625
2 0.6640625 0.9328125 0.078125 0.08359375
2 0.9046875 0.94140625 0.090625 0.08359375