0 0.5 0.50234375 1 0.9953125
2 0.89140625 0.1921875 0.0796875 0.0859375
2 0.915625 0.42578125 0.08125 0.0796875
2 0.66328125 0.44296875 0.0828125 0.0828125
2 0.43203125 0.453125 0.0765625 0.0765625
2 0.20390625 0.4734375 0.0703125 0.0703125
2 0.92890625 0.6609375 0.084375 0.08125
2 0.6890625 0.67421875 0.0734375 0.075
2 0.4453125 0.69140625 0.0796875 0.078125
2 0.22265625 0.94609375 0.090625 0.0828125
2 0.46484375 0.92578125 0.0828125 0.0828125
2 0.69453125 0.9109375 0.08125 0.078125
2 0.9421875 0.89453125 0.084375 0.0828125