0 0.5 0.5 1 1
1 0.23515625 0.94453125 0.08125 0.0875
1 0.471875 0.92578125 0.0953125 0.0953125
1 0.684375 0.675 0.084375 0.0875
2 0.09375 0.8359375 0.0890625 0.090625
2 0.22265625 0.7109375 0.0765625 0.075
1 0.0734375 0.5921875 0.09375 0.0875
1 0.0609375 0.36640625 0.08125 0.090625
2 0.29296875 0.34453125 0.0671875 0.0703125
2 0.43359375 0.45859375 0.078125 0.078125
2 0.6515625 0.20625 0.075 0.0765625
2 0.33359375 0.5734375 0.0796875 0.0765625
2 0.45625 0.6875 0.0703125 0.0734375
1 0.6625 0.4515625 0.0734375 0.084375
1 0.7734375 0.32265625 0.075 0.08125