0 0.4984375 0.5015625 0.996875 0.996875
2 0.93046875 0.22734375 0.0703125 0.078125
2 0.2015625 0.44375 0.0859375 0.0875
2 0.43359375 0.45 0.0890625 0.08125
2 0.6671875 0.45703125 0.0796875 0.08125
2 0.92265625 0.4671875 0.0828125 0.0796875
2 0.421875 0.6890625 0.0671875 0.075
2 0.6703125 0.6921875 0.08125 0.0765625
2 0.9125 0.71015625 0.0890625 0.0875
2 0.16953125 0.92109375 0.08125 0.090625
2 0.42265625 0.93046875 0.08125 0.0953125
2 0.65078125 0.93828125 0.08125 0.0859375
2 0.8984375 0.94765625 0.0859375 0.0890625