0 0.5 0.5 1 1
1 0.10859375 0.04921875 0.084375 0.0859375
1 0.3546875 0.0609375 0.084375 0.0796875
1 0.5953125 0.0859375 0.0859375 0.0921875
2 0.83203125 0.11796875 0.06875 0.08125
1 0.2171875 0.18828125 0.078125 0.0859375
1 0.4609375 0.1921875 0.0796875 0.08125
1 0.68828125 0.2453125 0.078125 0.078125
1 0.08671875 0.2859375 0.0859375 0.0828125
1 0.328125 0.31640625 0.0734375 0.0734375
1 0.57421875 0.32890625 0.071875 0.0703125
2 0.815625 0.35390625 0.0828125 0.0875
2 0.93515625 0.484375 0.0828125 0.0828125
2 0.44140625 0.43984375 0.0828125 0.0828125
1 0.65703125 0.70078125 0.0765625 0.084375
2 0.4171875 0.675 0.071875 0.084375
2 0.63515625 0.934375 0.0703125 0.090625
2 0.19375 0.66171875 0.084375 0.0859375
2 0.04296875 0.78125 0.084375 0.0921875
2 0.159375 0.9015625 0.0765625 0.084375