0 0.5 0.5 1 1
1 0.025 0.1671875 0.05 0.103125
1 0.2453125 0.11640625 0.084375 0.084375
1 0.48203125 0.07890625 0.078125 0.0921875
2 0.7203125 0.04765625 0.09375 0.0953125
1 0.146875 0.26484375 0.0859375 0.0875
1 0.3859375 0.21484375 0.0890625 0.090625
1 0.61796875 0.20625 0.0921875 0.0875
1 0.86015625 0.14296875 0.0875 0.0890625
1 0.0484375 0.396875 0.0953125 0.0921875
1 0.284375 0.3671875 0.08125 0.090625
1 0.528125 0.31484375 0.096875 0.09375
2 0.91015625 0.37109375 0.096875 0.0859375
1 0.56875 0.55234375 0.0921875 0.0875
1 0.8015625 0.521875 0.0921875 0.0984375
2 0.24453125 0.73984375 0.096875 0.103125
2 0.4609375 0.69140625 0.084375 0.0890625
2 0.13125 0.8890625 0.0859375 0.0890625
2 0.365625 0.825 0.0875 0.096875
2 0.6046875 0.78828125 0.0921875 0.10625
2 0.2828125 0.9640625 0.1 0.071875
2 0.5046875 0.93515625 0.1046875 0.0953125
2 0.7453125 0.890625 0.090625 0.096875