0 0.5 0.5 1 1
1 0.08984375 0.06171875 0.09375 0.0953125
1 0.3390625 0.065625 0.0875 0.090625
1 0.578125 0.0796875 0.0765625 0.08125
1 0.82890625 0.10546875 0.0953125 0.0921875
1 0.9359375 0.22578125 0.084375 0.0875
1 0.6796875 0.2359375 0.0828125 0.0875
1 0.80703125 0.3453125 0.084375 0.0796875
1 0.446875 0.190625 0.0859375 0.084375
1 0.20625 0.18984375 0.0921875 0.0859375
1 0.07734375 0.30078125 0.08125 0.0828125
1 0.31640625 0.321875 0.084375 0.0828125
1 0.5671875 0.32265625 0.090625 0.0796875
2 0.20078125 0.6734375 0.08125 0.0859375
2 0.4203125 0.67578125 0.084375 0.0765625
2 0.66640625 0.70625 0.0859375 0.08125
2 0.90703125 0.703125 0.0765625 0.0765625
2 0.05234375 0.79921875 0.0921875 0.0875
2 0.29296875 0.7828125 0.0765625 0.0859375
2 0.53359375 0.79921875 0.078125 0.078125
2 0.77734375 0.81484375 0.08125 0.0890625
2 0.17421875 0.91484375 0.090625 0.0859375
2 0.40234375 0.9234375 0.0859375 0.0921875
2 0.6453125 0.9296875 0.08125 0.0890625
2 0.88671875 0.94453125 0.0953125 0.0859375