0 0.5 0.5 1 1
1 0.0453125 0.40625 0.090625 0.0875
2 0.27578125 0.36796875 0.08125 0.08125
2 0.62734375 0.2 0.084375 0.0796875
1 0.75859375 0.303125 0.0921875 0.090625
1 0.659375 0.44453125 0.08125 0.0875
2 0.43046875 0.46875 0.08125 0.0765625
1 0.08046875 0.64140625 0.0921875 0.0875
2 0.3359375 0.59375 0.0765625 0.0703125
2 0.23984375 0.73984375 0.078125 0.0796875
2 0.121875 0.8875 0.0921875 0.0890625
2 0.46640625 0.69453125 0.084375 0.0875
1 0.69921875 0.6625 0.0890625 0.090625
1 0.509375 0.93671875 0.084375 0.0921875
1 0.265625 0.965625 0.096875 0.06875