0 0.48828125 0.5015625 0.9515625 0.996875
1 0.078125 0.0703125 0.08359375 0.08203125
1 0.821875 0.103125 0.075 0.0765625
1 0.3296875 0.07421875 0.0765625 0.078125
1 0.56953125 0.08046875 0.06484375 0.0703125
1 0.19765625 0.2015625 0.0765625 0.071875
1 0.0734375 0.31328125 0.08515625 0.0921875
1 0.3171875 0.33046875 0.08046875 0.08046875
1 0.44296875 0.19453125 0.071875 0.071875
1 0.56640625 0.328125 0.06640625 0.0703125
1 0.675 0.23515625 0.075 0.078125
1 0.80703125 0.36640625 0.0734375 0.0875
2 0.67109375 0.4640625 0.075 0.0765625
1 0.91640625 0.4796875 0.07890625 0.08359375
2 0.1984375 0.6875 0.06640625 0.0734375
2 0.0578125 0.80703125 0.0765625 0.0734375
2 0.29453125 0.79609375 0.075 0.08515625
2 0.178125 0.92421875 0.06796875 0.06640625
2 0.4234375 0.68125 0.06640625 0.0765625
2 0.40546875 0.92578125 0.071875 0.075
2 0.53828125 0.803125 0.06640625 0.07890625
2 0.6703125 0.70390625 0.0734375 0.0703125
2 0.78203125 0.81640625 0.0765625 0.071875
2 0.6546875 0.92578125 0.06484375 0.078125
2 0.89453125 0.9421875 0.08046875 0.06953125