0 0.50078125 0.5015625 0.9984375 0.996875
2 0.94765625 0.18828125 0.1046875 0.1078125
2 0.9421875 0.946875 0.1125 0.10625
2 0.8171875 0.678125 0.10078125 0.11796875
2 0.65390625 0.54921875 0.11796875 0.1125
2 0.50625 0.90234375 0.11484375 0.121875
2 0.43125 0.69375 0.09765625 0.1125
1 0.75078125 0.89296875 0.10625 0.1265625
1 0.78671875 0.41015625 0.11328125 0.11328125
1 0.66640625 0.178125 0.1078125 0.1125
1 0.49453125 0.1015625 0.1078125 0.11484375
1 0.109375 0.1203125 0.10546875 0.109375
1 0.12109375 0.38515625 0.11953125 0.1078125
1 0.2484375 0.37109375 0.1109375 0.1265625
1 0.24140625 0.709375 0.10234375 0.10625
1 0.071875 0.834375 0.1125 0.11484375
2 0.48671875 0.384375 0.10078125 0.1125