0 0.5 0.5 1 1
2 0.09765625 0.91015625 0.109375 0.11484375
2 0.11953125 0.7140625 0.13046875 0.11484375
2 0.30390625 0.27265625 0.121875 0.11640625
2 0.453125 0.38046875 0.11328125 0.11953125
2 0.621875 0.16796875 0.125 0.10078125
2 0.65703125 0.58046875 0.1265625 0.1125
2 0.428125 0.896875 0.14609375 0.10390625
1 0.0890625 0.0609375 0.09765625 0.10546875
1 0.8046875 0.0703125 0.11484375 0.12109375
1 0.7703125 0.4625 0.140625 0.09765625
1 0.94609375 0.55859375 0.1078125 0.11640625
1 0.87109375 0.77890625 0.10546875 0.109375
1 0.625 0.8359375 0.1109375 0.12109375
1 0.4234375 0.57421875 0.11328125 0.11484375
1 0.18046875 0.5171875 0.121875 0.09921875