0 0.5 0.5 1 1
2 0.175 0.953125 0.128125 0.09375
2 0.1625 0.7765625 0.1484375 0.1359375
2 0.2671875 0.31015625 0.140625 0.1359375
2 0.4328125 0.390625 0.1328125 0.1375
2 0.5625 0.1515625 0.140625 0.1203125
2 0.66875 0.55234375 0.14375 0.1328125
2 0.4984375 0.903125 0.1625 0.128125
1 0.0375 0.13828125 0.075 0.1203125
1 0.725 0.046875 0.134375 0.09375
1 0.759375 0.41640625 0.1546875 0.1203125
1 0.94296875 0.48046875 0.1140625 0.1328125
1 0.9140625 0.71015625 0.1234375 0.1265625
1 0.68125 0.809375 0.1296875 0.1390625
1 0.4375 0.58671875 0.13125 0.1328125
1 0.18828125 0.57265625 0.1375 0.11875