0 0.5 0.5 1 1
2 0.90546875 0.90546875 0.11796875 0.12109375
2 0.87421875 0.71484375 0.1125 0.11484375
2 0.571875 0.89765625 0.10625 0.125
2 0.34765625 0.575 0.10546875 0.11640625
2 0.54375 0.39296875 0.11953125 0.12109375
2 0.7015625 0.27734375 0.1078125 0.11328125
2 0.38359375 0.17265625 0.11640625 0.1125
1 0.91796875 0.0625 0.11953125 0.10546875
1 0.37578125 0.83125 0.11796875 0.10546875
1 0.12890625 0.7859375 0.10625 0.11796875
1 0.04296875 0.54921875 0.0859375 0.1328125
1 0.2375 0.4640625 0.11640625 0.10390625
1 0.20234375 0.05703125 0.14609375 0.11328125