0 0.5 0.5 1 1
2 0.815625 0.95078125 0.13125 0.0984375
2 0.82734375 0.77734375 0.121875 0.1328125
2 0.7359375 0.31796875 0.1296875 0.1359375
2 0.56796875 0.40078125 0.1203125 0.13125
2 0.4453125 0.15390625 0.1140625 0.1296875
2 0.33515625 0.5484375 0.1234375 0.140625
2 0.4953125 0.90234375 0.15 0.1421875
1 0.96484375 0.14453125 0.0703125 0.1234375
1 0.27890625 0.03671875 0.1234375 0.0734375
1 0.56015625 0.58671875 0.1359375 0.1375
1 0.253125 0.41171875 0.1171875 0.1515625
1 0.0546875 0.471875 0.109375 0.14375
1 0.08203125 0.70390625 0.1328125 0.146875
1 0.31640625 0.79921875 0.1375 0.140625