0 0.5 0.5 1 1
1 0.1546875 0.075 0.1203125 0.1328125
1 0.13125 0.340625 0.125 0.140625
1 0.2625 0.340625 0.134375 0.1640625
1 0.5390625 0.09921875 0.128125 0.140625
1 0.70703125 0.1984375 0.134375 0.140625
1 0.79375 0.440625 0.1359375 0.1515625
1 0.21328125 0.6765625 0.1328125 0.14375
1 0.053125 0.77734375 0.10625 0.1359375
1 0.70625 0.921875 0.1203125 0.1375
2 0.503125 0.3921875 0.121875 0.1328125
2 0.41015625 0.684375 0.125 0.15
2 0.646875 0.5609375 0.1203125 0.134375
2 0.79609375 0.7171875 0.128125 0.1421875
2 0.45546875 0.89765625 0.1265625 0.15