0 0.5 0.5 1 1
1 0.87265625 0.890625 0.1171875 0.1296875
1 0.72734375 0.75078125 0.121875 0.1203125
1 0.89765625 0.44140625 0.11875 0.115625
1 0.7703125 0.41484375 0.121875 0.121875
1 0.9421875 0.18046875 0.115625 0.1234375
1 0.5609375 0.096875 0.121875 0.121875
1 0.37890625 0.1546875 0.11875 0.1328125
1 0.23046875 0.37109375 0.11875 0.1296875
1 0.19609375 0.853125 0.1140625 0.1234375
2 0.44453125 0.8984375 0.1203125 0.1265625
2 0.53984375 0.69296875 0.1140625 0.1359375
2 0.34375 0.5296875 0.121875 0.1171875
2 0.1609375 0.63828125 0.11875 0.121875
2 0.03046875 0.87890625 0.0609375 0.1234375
2 0.10078125 0.1296875 0.1203125 0.1265625
2 0.61328125 0.225 0.1171875 0.11875
2 0.525 0.38984375 0.125 0.15