0 0.5 0.5 1 1
1 0.821875 0.54296875 0.115625 0.1265625
1 0.85078125 0.2796875 0.11875 0.121875
1 0.94765625 0.1 0.1046875 0.121875
1 0.2296875 0.0453125 0.109375 0.090625
1 0.24453125 0.4421875 0.115625 0.1296875
1 0.05546875 0.51484375 0.1109375 0.1484375
1 0.09921875 0.74375 0.1328125 0.134375
1 0.35 0.815625 0.13125 0.125
1 0.5640625 0.58203125 0.11875 0.14375
2 0.41015625 0.15859375 0.128125 0.1203125
2 0.71640625 0.28828125 0.11875 0.1296875
2 0.859375 0.74375 0.140625 0.1359375
2 0.55234375 0.39140625 0.13125 0.1296875
2 0.34140625 0.5609375 0.109375 0.13125
2 0.865625 0.9265625 0.134375 0.146875
2 0.53984375 0.9 0.1359375 0.13125