0 0.5 0.5 1 1
2 0.0328125 0.25078125 0.065625 0.1234375
2 0.35625 0.5703125 0.1328125 0.1296875
2 0.5875 0.68515625 0.13125 0.1296875
2 0.54765625 0.89453125 0.140625 0.146875
2 0.20625 0.7296875 0.1234375 0.134375
2 0.12578125 0.97109375 0.1328125 0.0578125
1 0.83828125 0.0703125 0.121875 0.1265625
1 0.86640625 0.3296875 0.134375 0.1375
1 0.73359375 0.34453125 0.13125 0.13125
1 0.453125 0.09921875 0.1234375 0.125
1 0.28984375 0.20234375 0.1203125 0.1328125
1 0.20625 0.44921875 0.13125 0.140625
1 0.78984375 0.6796875 0.15625 0.146875
1 0.9484375 0.765625 0.103125 0.146875
1 0.30234375 0.9234375 0.13125 0.1359375
2 0.49609375 0.3859375 0.1203125 0.128125