0 0.5 0.5 1 1
1 0.946875 0.0921875 0.10625 0.11875
1 0.22734375 0.0484375 0.1203125 0.096875
1 0.2390625 0.4421875 0.1328125 0.1265625
1 0.559375 0.5796875 0.1265625 0.125
1 0.35078125 0.81953125 0.1140625 0.121875
1 0.11328125 0.75 0.1203125 0.125
1 0.046875 0.51640625 0.09375 0.1203125
2 0.8625 0.93046875 0.1078125 0.1234375
2 0.72109375 0.29375 0.1125 0.1125
2 0.4 0.16171875 0.115625 0.1171875
2 0.56015625 0.39375 0.1265625 0.1265625
2 0.34453125 0.56875 0.10625 0.1234375
2 0.5453125 0.90078125 0.146875 0.1296875
2 0.85859375 0.74296875 0.115625 0.1265625