0 0.5 0.5 1 1
2 0.96875 0.27890625 0.0625 0.1265625
2 0.8484375 0.9796875 0.13125 0.040625
2 0.77734375 0.73515625 0.121875 0.134375
2 0.64140625 0.57734375 0.1375 0.1328125
2 0.4296875 0.89609375 0.1359375 0.1421875
2 0.3953125 0.67734375 0.1171875 0.1296875
1 0.6703125 0.93046875 0.128125 0.1390625
1 0.7984375 0.46640625 0.1328125 0.1328125
1 0.725 0.215625 0.1265625 0.13125
1 0.5703125 0.1078125 0.128125 0.1328125
1 0.1890625 0.05859375 0.125 0.1171875
1 0.15 0.31484375 0.1375 0.128125
1 0.27734375 0.32578125 0.1328125 0.1453125
1 0.20625 0.65625 0.1203125 0.1234375
1 0.040625 0.746875 0.08125 0.134375
2 0.509375 0.38359375 0.1203125 0.1296875