0 0.5 0.50234375 1 0.9953125
2 0.80625 0.20078125 0.1265625 0.1265625
2 0.29140625 0.3171875 0.1109375 0.11484375
2 0.18046875 0.57265625 0.11953125 0.125
2 0.16171875 0.86484375 0.11953125 0.14453125
2 0.44921875 0.56875 0.10078125 0.1265625
2 0.6765625 0.57734375 0.1265625 0.12890625
2 0.8078125 0.80390625 0.10390625 0.14453125
1 0.8140625 0.440625 0.11328125 0.11953125
1 0.30859375 0.6859375 0.1125 0.11953125
1 0.55234375 0.9359375 0.125 0.128125
1 0.44140625 0.17109375 0.11953125 0.11796875
1 0.05859375 0.31953125 0.11484375 0.11328125