0 0.5 0.5 1 1
1 0.94375 0.08984375 0.1046875 0.1078125
1 0.2296875 0.05078125 0.128125 0.1015625
1 0.046875 0.52265625 0.09375 0.1421875
1 0.24921875 0.446875 0.1109375 0.13125
1 0.1125 0.7515625 0.121875 0.1375
1 0.35703125 0.8203125 0.1140625 0.1296875
2 0.53828125 0.903125 0.1109375 0.1265625
2 0.34140625 0.56796875 0.10625 0.1109375
2 0.40546875 0.16328125 0.103125 0.1046875
2 0.55625 0.39296875 0.1203125 0.1203125
2 0.71953125 0.2859375 0.1265625 0.128125
2 0.86171875 0.73359375 0.1140625 0.134375
2 0.87109375 0.92734375 0.1125 0.1265625