0 0.5 0.5 1 1
1 0.0421875 0.4625 0.08125 0.13515625
1 0.16328125 0.31875 0.1390625 0.11484375
1 0.178125 0.44296875 0.10078125 0.11953125
1 0.30234375 0.94453125 0.1078125 0.1109375
1 0.93828125 0.9390625 0.10390625 0.121875
1 0.83203125 0.18984375 0.1078125 0.12109375
1 0.940625 0.06796875 0.1109375 0.1109375
2 0.31484375 0.31953125 0.10078125 0.11328125
2 0.56953125 0.44140625 0.121875 0.1234375
2 0.3078125 0.5625 0.1125 0.11640625
2 0.18359375 0.69609375 0.1109375 0.121875
2 0.56328125 0.5875 0.1125 0.13203125
2 0.8171875 0.72734375 0.1234375 0.11953125