0 0.5015625 0.5 0.996875 1
1 0.9453125 0.31171875 0.109375 0.11796875
1 0.559375 0.16875 0.11953125 0.128125
1 0.1890625 0.4453125 0.1109375 0.11484375
1 0.69375 0.68671875 0.1125 0.12890625
1 0.46171875 0.9453125 0.13046875 0.109375
2 0.7078125 0.3171875 0.1125 0.12890625
2 0.19609375 0.1984375 0.121875 0.1125
2 0.321875 0.57421875 0.12890625 0.12890625
2 0.196875 0.81640625 0.13515625 0.1234375
2 0.83515625 0.821875 0.11640625 0.1375
2 0.82109375 0.559375 0.13046875 0.128125
2 0.5578125 0.58046875 0.10390625 0.1125