0 0.5 0.5 1 1
2 0.4765625 0.38828125 0.125 0.1328125
2 0.65625 0.528125 0.1125 0.125
2 0.8375 0.64375 0.121875 0.134375
2 0.54453125 0.89609375 0.1234375 0.1390625
2 0.2671875 0.8109375 0.1109375 0.121875
2 0.175 0.69375 0.11875 0.125
1 0.796875 0.865625 0.11875 0.140625
1 0.7734375 0.3796875 0.1234375 0.13125
1 0.63046875 0.15390625 0.1203125 0.1171875
1 0.4515625 0.1 0.1171875 0.11875
1 0.07109375 0.159375 0.1125 0.1171875
1 0.10546875 0.421875 0.1265625 0.1328125
1 0.23828125 0.4 0.140625 0.134375