0 0.5 0.5 1 1
1 0.62421875 0.83203125 0.1125 0.12109375
1 0.86640625 0.7828125 0.14453125 0.128125
1 0.953125 0.55078125 0.09375 0.13203125
1 0.7625 0.46484375 0.11328125 0.1265625
1 0.81015625 0.0609375 0.1375 0.121875
1 0.43046875 0.58046875 0.10546875 0.140625
1 0.17734375 0.515625 0.1078125 0.09921875
1 0.1640625 0.25390625 0.11484375 0.1125
1 0.0875 0.05859375 0.10625 0.1125
2 0.65390625 0.57734375 0.11484375 0.13515625
2 0.43359375 0.8890625 0.10078125 0.13046875
2 0.10234375 0.896875 0.11640625 0.13203125
2 0.1234375 0.71484375 0.1109375 0.13203125
2 0.45703125 0.3859375 0.11953125 0.1234375
2 0.303125 0.27109375 0.1234375 0.128125
2 0.6140625 0.17265625 0.140625 0.1234375