0 0.5 0.5 1 1
1 0.60703125 0.83828125 0.11875 0.1265625
1 0.85078125 0.8015625 0.1515625 0.1359375
1 0.95 0.57421875 0.1 0.1375
1 0.7640625 0.47890625 0.1203125 0.1328125
1 0.8328125 0.078125 0.14375 0.128125
1 0.4265625 0.5765625 0.1125 0.1453125
1 0.17734375 0.4984375 0.1125 0.1046875
1 0.17734375 0.23671875 0.1203125 0.11875
1 0.1109375 0.04765625 0.1125 0.0953125
2 0.65 0.58515625 0.121875 0.140625
2 0.41328125 0.88515625 0.1078125 0.1359375
2 0.08203125 0.87578125 0.1234375 0.1375
2 0.1125 0.69453125 0.1171875 0.1375
2 0.46328125 0.38359375 0.1265625 0.1296875
2 0.315625 0.2609375 0.1296875 0.134375
2 0.63125 0.17890625 0.146875 0.13125