0 0.5 0.5 1 1
2 0.74375 0.14765625 0.1484375 0.1484375
2 0.26015625 0.36015625 0.13125 0.134375
2 0.2 0.63203125 0.140625 0.1453125
2 0.23671875 0.9203125 0.1453125 0.159375
2 0.46328125 0.57734375 0.1234375 0.14375
2 0.68828125 0.5421875 0.1484375 0.15
2 0.86015625 0.73984375 0.1296875 0.1609375
1 0.796875 0.38203125 0.134375 0.1390625
1 0.34765625 0.71875 0.1328125 0.1390625
1 0.634375 0.91796875 0.146875 0.15
1 0.3796875 0.18828125 0.140625 0.1390625
1 0.04921875 0.40703125 0.0984375 0.1328125