0 0.5 0.5015625 1 0.996875
1 0.9140625 0.06015625 0.09765625 0.10078125
1 0.19921875 0.06484375 0.12109375 0.10625
1 0.04609375 0.55546875 0.0921875 0.13671875
1 0.24609375 0.46484375 0.10234375 0.125
1 0.13125 0.778125 0.1125 0.13046875
1 0.3796875 0.8296875 0.10625 0.121875
2 0.56640625 0.89921875 0.10234375 0.11953125
2 0.346875 0.57890625 0.09921875 0.10390625
2 0.38203125 0.17109375 0.096875 0.09765625
2 0.5484375 0.3890625 0.11328125 0.11328125
2 0.70390625 0.27109375 0.11796875 0.11953125
2 0.87734375 0.7078125 0.10625 0.1265625
2 0.9 0.90078125 0.10390625 0.11953125