2 0.321875 0.1953125 0.146875 0.134375
2 0.525 0.38203125 0.1234375 0.134375
2 0.6546875 0.240625 0.1328125 0.1296875
2 0.9125 0.63046875 0.1328125 0.140625
2 0.94921875 0.809375 0.1015625 0.146875
2 0.646875 0.88203125 0.1328125 0.1328125
2 0.36875 0.61015625 0.1203125 0.1265625
1 0.8265625 0.0265625 0.125 0.053125
1 0.1109375 0.125 0.1375 0.1359375
1 0.2375 0.51328125 0.1359375 0.146875
1 0.58984375 0.55859375 0.134375 0.1359375
1 0.44140625 0.846875 0.1421875 0.1421875
1 0.19765625 0.84765625 0.1296875 0.13125
1 0.07109375 0.640625 0.125 0.1359375