0 0.49921875 0.50078125 0.9984375 0.9984375
1 0.75390625 0.89609375 0.096875 0.11328125
1 0.7828125 0.41171875 0.1078125 0.11640625
1 0.671875 0.18125 0.1078125 0.12890625
1 0.48515625 0.10078125 0.13515625 0.121875
1 0.10546875 0.12109375 0.11484375 0.11796875
1 0.115625 0.38671875 0.12109375 0.1109375
1 0.24609375 0.371875 0.1078125 0.11953125
1 0.24140625 0.71015625 0.11328125 0.125
1 0.07421875 0.834375 0.10546875 0.11484375
2 0.49765625 0.89921875 0.10078125 0.121875
2 0.43046875 0.696875 0.121875 0.12109375
2 0.6578125 0.55078125 0.09921875 0.10234375
2 0.4890625 0.3875 0.11796875 0.10546875
2 0.81640625 0.6859375 0.1109375 0.11953125
2 0.9375 0.93671875 0.11875 0.1265625