0 0.5 0.5 1 1
1 0.9328125 0.06953125 0.115625 0.1125
1 0.203125 0.0546875 0.115625 0.109375
1 0.23671875 0.45546875 0.128125 0.1203125
1 0.5640625 0.5765625 0.1203125 0.11875
1 0.3671875 0.8265625 0.1078125 0.1171875
1 0.12734375 0.7703125 0.115625 0.1203125
1 0.04609375 0.540625 0.0921875 0.115625
2 0.884375 0.91015625 0.1015625 0.11875
2 0.71015625 0.28203125 0.1078125 0.1078125
2 0.3828125 0.1671875 0.109375 0.1109375
2 0.5546875 0.390625 0.1203125 0.1203125
2 0.34765625 0.5765625 0.1015625 0.11875
2 0.565625 0.89765625 0.140625 0.1234375
2 0.8703125 0.72421875 0.109375 0.121875