0 0.5 0.5 1 1
2 0.05859375 0.865625 0.1171875 0.125
2 0.09921875 0.6734375 0.1421875 0.128125
2 0.32890625 0.253125 0.1328125 0.128125
2 0.465625 0.3765625 0.125 0.13125
2 0.65625 0.1828125 0.134375 0.1140625
2 0.64765625 0.59609375 0.1375 0.125
2 0.38671875 0.8875 0.15625 0.11875
1 0.13671875 0.0390625 0.1078125 0.078125
1 0.84765625 0.1046875 0.1265625 0.1328125
1 0.77265625 0.490625 0.15 0.1125
1 0.9375 0.6046875 0.11875 0.1265625
1 0.83984375 0.81640625 0.115625 0.1203125
1 0.5890625 0.846875 0.1234375 0.13125
1 0.41640625 0.565625 0.125 0.1265625
1 0.18046875 0.48359375 0.13125 0.1109375