0 0.5 0.5 1 1
2 0.86484375 0.975 0.1265625 0.05
2 0.96875 0.2578125 0.0625 0.121875
2 0.79140625 0.7296875 0.128125 0.128125
2 0.65078125 0.571875 0.1234375 0.1359375
2 0.40390625 0.67890625 0.13125 0.1328125
2 0.43984375 0.88984375 0.125 0.14375
2 0.515625 0.39140625 0.1390625 0.1375
2 0.471875 0.2015625 0.11875 0.1328125
1 0.690625 0.9296875 0.128125 0.1203125
1 0.04296875 0.7640625 0.0859375 0.134375
1 0.209375 0.6703125 0.125 0.1375
1 0.13828125 0.3265625 0.1296875 0.1375
1 0.265625 0.33984375 0.13125 0.146875
1 0.79296875 0.45234375 0.125 0.1421875
1 0.715625 0.21015625 0.1125 0.134375
1 0.5578125 0.10078125 0.125 0.1125
1 0.16875 0.065625 0.128125 0.13125