0 0.5 0.50078125 1 0.9984375
2 0.94140625 0.94765625 0.1109375 0.1046875
2 0.95078125 0.18359375 0.0984375 0.1078125
2 0.8234375 0.68125 0.1125 0.1125
2 0.66015625 0.54765625 0.10625 0.12109375
2 0.4328125 0.69140625 0.11484375 0.11640625
2 0.5015625 0.89453125 0.10546875 0.12890625
2 0.4984375 0.390625 0.121875 0.11953125
2 0.42578125 0.209375 0.10078125 0.11796875
1 0.75546875 0.89453125 0.11328125 0.10390625
1 0.06875 0.8359375 0.1125 0.11796875
1 0.23984375 0.71328125 0.1078125 0.121875
1 0.115625 0.38515625 0.1125 0.121875
1 0.24375 0.378125 0.1125 0.13046875
1 0.78203125 0.40703125 0.10625 0.1265625
1 0.6671875 0.1796875 0.0953125 0.12109375
1 0.49453125 0.096875 0.1109375 0.096875
1 0.10390625 0.11875 0.1109375 0.1234375