0 0.5 0.5 1 1
1 0.046875 0.5421875 0.09375 0.146875
1 0.13671875 0.3796875 0.15625 0.1375
1 0.1734375 0.5 0.1203125 0.1359375
1 0.3828125 0.95390625 0.125 0.0921875
1 0.97265625 0.85625 0.0546875 0.1375
1 0.7734375 0.13671875 0.1265625 0.1375
1 0.8578125 0.03046875 0.128125 0.0609375
2 0.2859375 0.3546875 0.11875 0.1296875
2 0.55859375 0.43046875 0.1421875 0.1421875
2 0.321875 0.5953125 0.13125 0.134375
2 0.22265625 0.7484375 0.1296875 0.1390625
2 0.57734375 0.575 0.134375 0.15
2 0.8515625 0.66875 0.1421875 0.1390625