0 0.5 0.5 1 1
2 0.8765625 0.9328125 0.1265625 0.1296875
2 0.85859375 0.740625 0.1203125 0.121875
2 0.54375 0.9015625 0.1140625 0.1328125
2 0.34296875 0.5640625 0.1140625 0.1234375
2 0.55078125 0.39609375 0.128125 0.1296875
2 0.71640625 0.2921875 0.115625 0.1203125
2 0.40703125 0.165625 0.1234375 0.1203125
1 0.9421875 0.09296875 0.115625 0.1140625
1 0.353125 0.821875 0.125 0.1140625
1 0.11015625 0.759375 0.1140625 0.125
1 0.04375 0.51640625 0.0875 0.1390625
1 0.240625 0.44609375 0.1234375 0.1125
1 0.2328125 0.04921875 0.153125 0.0984375