0 0.5 0.5 1 1
2 0.80078125 0.196875 0.0953125 0.1234375
2 0.2984375 0.31640625 0.13046875 0.13359375
2 0.18203125 0.57734375 0.11953125 0.12109375
2 0.43828125 0.5765625 0.109375 0.125
2 0.67734375 0.58515625 0.11953125 0.125
2 0.8015625 0.81796875 0.11484375 0.11640625
2 0.16953125 0.8578125 0.1234375 0.11328125
1 0.31015625 0.6921875 0.10390625 0.12109375
1 0.0578125 0.31484375 0.11484375 0.1265625
1 0.43671875 0.16796875 0.10390625 0.1265625
1 0.815625 0.43828125 0.10234375 0.11484375
1 0.54296875 0.93359375 0.11640625 0.1265625