0 0.5 0.5 1 1
1 0.8390625 0.02890625 0.1125 0.0578125
1 0.13515625 0.1171875 0.1359375 0.1234375
1 0.06015625 0.62578125 0.1125 0.15
1 0.24375 0.5046875 0.1203125 0.1390625
1 0.1796875 0.83203125 0.13125 0.146875
1 0.4328125 0.84453125 0.1234375 0.1375
2 0.628125 0.88359375 0.1203125 0.134375
2 0.3609375 0.6015625 0.1140625 0.11875
2 0.33203125 0.19375 0.1109375 0.1109375
2 0.53046875 0.3828125 0.1296875 0.1296875
2 0.665625 0.2421875 0.1359375 0.1359375
2 0.90546875 0.64609375 0.125 0.1421875
2 0.9484375 0.8328125 0.103125 0.134375