0 0.5015625 0.5 0.996875 1
1 0.440625 0.1703125 0.1109375 0.1109375
1 0.059375 0.30859375 0.11875 0.1234375
1 0.30078125 0.6890625 0.1125 0.11640625
1 0.5453125 0.9375 0.11953125 0.125
1 0.81796875 0.43671875 0.10234375 0.13203125
2 0.80234375 0.19921875 0.11640625 0.1125
2 0.2984375 0.31171875 0.121875 0.10625
2 0.17578125 0.56953125 0.1125 0.11640625
2 0.4390625 0.5734375 0.10546875 0.1234375
2 0.66953125 0.58203125 0.109375 0.128125
2 0.79375 0.8203125 0.11328125 0.1125
2 0.16796875 0.8484375 0.12890625 0.1265625