0 0.5 0.5 1 1
2 0.9328125 0.865625 0.1203125 0.1265625
2 0.89140625 0.6765625 0.1109375 0.125
2 0.6765625 0.26015625 0.11875 0.1265625
2 0.5375 0.3859375 0.1109375 0.1234375
2 0.35234375 0.18203125 0.103125 0.1203125
2 0.35546875 0.5921875 0.1125 0.13125
2 0.60625 0.88828125 0.1390625 0.1296875
1 0.87109375 0.040625 0.1078125 0.08125
1 0.153125 0.0921875 0.115625 0.1125
1 0.58203125 0.56640625 0.125 0.128125
1 0.23828125 0.4828125 0.103125 0.14375
1 0.0578125 0.59765625 0.1125 0.134375
1 0.1546875 0.8109375 0.121875 0.1375
1 0.40546875 0.83828125 0.1265625 0.13125