0 0.5 0.5 1 1
1 0.059375 0.0765625 0.1 0.1171875
1 0.165625 0.2 0.10625 0.115625
1 0.84453125 0.31484375 0.1109375 0.115625
1 0.82734375 0.44375 0.1015625 0.1265625
1 0.709375 0.9421875 0.1265625 0.109375
1 0.06015625 0.9484375 0.1078125 0.103125
1 0.95 0.44140625 0.1 0.11875
2 0.68828125 0.31328125 0.103125 0.11875
2 0.4328125 0.446875 0.1203125 0.11875
2 0.19453125 0.72890625 0.1125 0.125
2 0.4390625 0.58515625 0.1125 0.1140625
2 0.696875 0.56171875 0.0984375 0.1171875
2 0.82421875 0.6890625 0.115625 0.1234375