0 0.50078125 0.50078125 0.9984375 0.9984375
2 0.81171875 0.72734375 0.12109375 0.13046875
2 0.56484375 0.5859375 0.11484375 0.1265625
2 0.56953125 0.44453125 0.128125 0.11328125
2 0.31640625 0.32109375 0.1109375 0.11328125
2 0.3109375 0.565625 0.11328125 0.11953125
2 0.1890625 0.69140625 0.121875 0.1109375
1 0.2984375 0.94765625 0.096875 0.10234375
1 0.046875 0.45234375 0.09375 0.1234375
1 0.15703125 0.3234375 0.13203125 0.11484375
1 0.175 0.446875 0.10546875 0.109375
1 0.9359375 0.93671875 0.1125 0.1265625
1 0.83671875 0.1875 0.11328125 0.125
1 0.93046875 0.0640625 0.10234375 0.11640625