0 0.5 0.5 1 1
1 0.69140625 0.92578125 0.125 0.1375
1 0.7953125 0.45390625 0.1234375 0.128125
1 0.71640625 0.20546875 0.121875 0.134375
1 0.56171875 0.09765625 0.121875 0.128125
1 0.17421875 0.0625 0.125 0.1203125
1 0.1390625 0.32421875 0.109375 0.13125
1 0.2703125 0.33359375 0.121875 0.13125
1 0.21171875 0.671875 0.13125 0.14375
1 0.04765625 0.7609375 0.0953125 0.1375
2 0.50703125 0.38359375 0.125 0.1296875
2 0.640625 0.56875 0.1328125 0.153125
2 0.78671875 0.73046875 0.1203125 0.140625
2 0.440625 0.89140625 0.13125 0.15