0 0.50078125 0.5 0.9984375 1
1 0.82421875 0.51484375 0.10625 0.11796875
1 0.83046875 0.25 0.109375 0.11328125
1 0.915625 0.0625 0.10390625 0.11328125
1 0.18984375 0.0578125 0.10078125 0.109375
1 0.240625 0.46484375 0.10625 0.12109375
1 0.0546875 0.55390625 0.109375 0.1390625
1 0.121875 0.778125 0.121875 0.125
1 0.378125 0.82734375 0.121875 0.11484375
1 0.57109375 0.57578125 0.1078125 0.13515625
2 0.38046875 0.16796875 0.11953125 0.1109375
2 0.696875 0.2703125 0.109375 0.12109375
2 0.87890625 0.71171875 0.13046875 0.125
2 0.54296875 0.3875 0.121875 0.11953125
2 0.34765625 0.57421875 0.09921875 0.1234375
2 0.9015625 0.89453125 0.1234375 0.1375
2 0.57421875 0.8953125 0.1265625 0.12109375