0 0.5 0.5 1 1
1 0.5765625 0.84609375 0.128125 0.1359375
1 0.8234375 0.83125 0.1609375 0.146875
1 0.94140625 0.61328125 0.1109375 0.14375
1 0.76484375 0.5015625 0.1296875 0.140625
1 0.86796875 0.10859375 0.153125 0.1390625
1 0.4203125 0.5703125 0.1234375 0.1546875
1 0.178125 0.4703125 0.1203125 0.1125
1 0.2015625 0.209375 0.1296875 0.128125
1 0.15234375 0.034375 0.1203125 0.06875
2 0.64140625 0.59765625 0.1328125 0.15
2 0.38046875 0.87578125 0.1171875 0.14375
2 0.05859375 0.8375 0.1171875 0.146875
2 0.096875 0.66015625 0.128125 0.146875
2 0.4734375 0.38125 0.1359375 0.1390625
2 0.33671875 0.24609375 0.140625 0.14375
2 0.65859375 0.19140625 0.15625 0.1421875