0 0.5 0.5 1 1
1 0.053125 0.20234375 0.10625 0.1328125
1 0.103125 0.46015625 0.1359375 0.1609375
1 0.22421875 0.42109375 0.121875 0.1453125
1 0.2875 0.753125 0.1296875 0.1578125
1 0.14375 0.903125 0.125 0.1671875
1 0.82578125 0.83359375 0.1390625 0.140625
1 0.765625 0.3578125 0.125 0.128125
1 0.59921875 0.15625 0.1296875 0.1421875
1 0.41640625 0.10703125 0.1453125 0.1390625
2 0.84375 0.61953125 0.125 0.1390625
2 0.659375 0.51875 0.125 0.13125
2 0.471875 0.39296875 0.1296875 0.1421875
2 0.88046875 0.10859375 0.121875 0.125
2 0.978125 0.8546875 0.04375 0.125
2 0.56796875 0.89296875 0.15625 0.146875
2 0.471875 0.6984375 0.125 0.1453125