0 0.5 0.5 1 1
1 0.821875 0.45859375 0.125 0.134375
1 0.78203125 0.19609375 0.128125 0.13125
1 0.8328125 0.03046875 0.121875 0.0609375
1 0.11796875 0.11875 0.11875 0.125
1 0.23828125 0.51015625 0.125 0.1375
1 0.07109375 0.63046875 0.13125 0.15625
1 0.17578125 0.83984375 0.1421875 0.14375
1 0.43671875 0.84375 0.140625 0.134375
1 0.5828125 0.5625 0.1296875 0.1515625
2 0.325 0.19375 0.1375 0.1296875
2 0.65390625 0.23984375 0.128125 0.1375
2 0.91015625 0.64296875 0.15 0.1453125
2 0.52265625 0.38203125 0.140625 0.1390625
2 0.3625 0.59921875 0.11875 0.1390625
2 0.9453125 0.81875 0.109375 0.15625
2 0.64140625 0.8765625 0.1453125 0.140625