0 0.50078125 0.5 0.9984375 1
2 0.12890625 0.12734375 0.10234375 0.1125
2 0.25546875 0.13046875 0.10546875 0.11953125
2 0.584375 0.1046875 0.109375 0.11484375
2 0.36015625 0.27734375 0.11484375 0.1265625
2 0.2640625 0.80078125 0.10234375 0.13046875
2 0.72109375 0.37890625 0.11796875 0.1234375
1 0.165625 0.3890625 0.11484375 0.121875
1 0.44140625 0.66640625 0.10390625 0.121875
1 0.77578125 0.66640625 0.1078125 0.121875
1 0.53515625 0.90078125 0.1234375 0.128125
1 0.88125 0.796875 0.109375 0.1390625