0 0.4984375 0.5 0.996875 1
1 0.10703125 0.12109375 0.109375 0.11328125
1 0.11796875 0.38515625 0.1109375 0.1421875
1 0.24453125 0.3703125 0.09921875 0.12890625
1 0.24296875 0.7078125 0.10546875 0.140625
1 0.0734375 0.828125 0.09765625 0.15078125
1 0.75625 0.88984375 0.11796875 0.12109375
1 0.78828125 0.4109375 0.10546875 0.109375
1 0.66328125 0.18125 0.1078125 0.1234375
1 0.49296875 0.0984375 0.125 0.11796875
2 0.81484375 0.6828125 0.10390625 0.12109375
2 0.653125 0.54921875 0.10546875 0.1125
2 0.49296875 0.38984375 0.1078125 0.1234375
2 0.9484375 0.18828125 0.103125 0.1078125
2 0.94375 0.94765625 0.1125 0.1046875
2 0.4921875 0.8984375 0.13515625 0.1234375
2 0.434375 0.6890625 0.10234375 0.128125