0 0.5 0.5 1 1
1 0.93515625 0.28828125 0.115625 0.1234375
1 0.5421875 0.16640625 0.1265625 0.134375
1 0.18671875 0.46171875 0.1171875 0.1203125
1 0.703125 0.6765625 0.11875 0.134375
1 0.48515625 0.94453125 0.1359375 0.1109375
2 0.69765625 0.30625 0.11875 0.134375
2 0.18046875 0.21484375 0.128125 0.11875
2 0.32578125 0.58359375 0.1359375 0.1359375
2 0.2140625 0.83203125 0.1421875 0.1296875
2 0.8515625 0.80390625 0.1234375 0.14375
2 0.8234375 0.5421875 0.1375 0.134375
2 0.56171875 0.57734375 0.109375 0.1171875