0 0.5 0.5 1 1
2 0.8578125 0.6453125 0.1484375 0.15625
2 0.58359375 0.56796875 0.1421875 0.15
2 0.55390625 0.4296875 0.1515625 0.140625
2 0.27890625 0.37109375 0.134375 0.1375
2 0.3328125 0.609375 0.1390625 0.14375
2 0.24453125 0.7609375 0.1453125 0.1375
1 0.4125 0.96015625 0.11875 0.0796875
1 0.05390625 0.56328125 0.1078125 0.1421875
1 0.12421875 0.41171875 0.15625 0.14375
1 0.171875 0.52734375 0.128125 0.13125
1 0.9796875 0.8171875 0.040625 0.15
1 0.75078125 0.115625 0.140625 0.1484375
1 0.8125 0.0203125 0.128125 0.040625