0 0.5 0.5 1 1
1 0.8859375 0.87734375 0.1140625 0.1265625
1 0.7359375 0.7421875 0.11875 0.1171875
1 0.8953125 0.42734375 0.115625 0.1125
1 0.7671875 0.40546875 0.11875 0.11875
1 0.9359375 0.16484375 0.1234375 0.1203125
1 0.546875 0.09453125 0.11875 0.11875
1 0.3671875 0.159375 0.115625 0.1296875
1 0.22578125 0.38046875 0.115625 0.1265625
1 0.20859375 0.8640625 0.1109375 0.1203125
2 0.45859375 0.9 0.1171875 0.1234375
2 0.546875 0.69140625 0.109375 0.1328125
2 0.34453125 0.534375 0.11875 0.1140625
2 0.16640625 0.65 0.115625 0.11875
2 0.03671875 0.89609375 0.0734375 0.1203125
2 0.08828125 0.14375 0.1171875 0.1234375
2 0.60390625 0.22109375 0.1140625 0.115625
2 0.52109375 0.3890625 0.1203125 0.146875