0 0.5 0.5 1 1
2 0.80625 0.1984375 0.11484375 0.10078125
2 0.29765625 0.31640625 0.12109375 0.12109375
2 0.44609375 0.56484375 0.128125 0.1375
2 0.18046875 0.571875 0.10546875 0.1234375
2 0.16796875 0.8171875 0.11328125 0.11796875
2 0.80546875 0.81484375 0.125 0.12890625
2 0.6734375 0.58359375 0.13671875 0.13671875
1 0.440625 0.16796875 0.11953125 0.12890625
1 0.05859375 0.315625 0.1171875 0.11875
1 0.31015625 0.68984375 0.1125 0.1125
1 0.809375 0.44140625 0.09921875 0.11953125
1 0.54296875 0.940625 0.1203125 0.11875