0 0.5 0.5 1 1
2 0.0546875 0.20390625 0.109375 0.1015625
2 0.4046875 0.06640625 0.1109375 0.1125
2 0.803125 0.19453125 0.10390625 0.10546875
2 0.91796875 0.04453125 0.1234375 0.0890625
2 0.94140625 0.69609375 0.1078125 0.11640625
2 0.68046875 0.7140625 0.121875 0.1125
2 0.41796875 0.565625 0.0953125 0.13359375
2 0.55390625 0.93984375 0.10234375 0.10390625
2 0.68359375 0.4390625 0.09765625 0.1078125
2 0.43125 0.32421875 0.12109375 0.10546875
2 0.17890625 0.5640625 0.121875 0.1109375
2 0.059375 0.94140625 0.11875 0.1140625