0 0.5 0.5 1 1
1 0.9171875 0.0546875 0.1125 0.109375
1 0.1875 0.0609375 0.1109375 0.11640625
1 0.23515625 0.46484375 0.1234375 0.11640625
1 0.56640625 0.57421875 0.11640625 0.11484375
1 0.37890625 0.83125 0.10390625 0.11328125
1 0.13671875 0.7828125 0.1109375 0.11640625
1 0.04609375 0.55625 0.0921875 0.1125
2 0.8984375 0.896875 0.09765625 0.11484375
2 0.70234375 0.275 0.10390625 0.10390625
2 0.37109375 0.171875 0.10625 0.1078125
2 0.55078125 0.3890625 0.11640625 0.11640625
2 0.35078125 0.58203125 0.096875 0.11484375
2 0.5796875 0.8953125 0.13671875 0.11796875
2 0.878125 0.7109375 0.10546875 0.11796875