0 0.5 0.5 1 1
1 0.825 0.834375 0.1296875 0.140625
1 0.76171875 0.35625 0.1265625 0.13125
1 0.603125 0.14921875 0.125 0.1375
1 0.4203125 0.10078125 0.125 0.13125
1 0.05390625 0.19921875 0.1078125 0.1234375
1 0.1 0.45859375 0.1125 0.1328125
1 0.22734375 0.42265625 0.125 0.134375
1 0.28828125 0.76015625 0.134375 0.146875
1 0.15 0.90625 0.13125 0.140625
2 0.4671875 0.3875 0.1296875 0.1328125
2 0.65625 0.51640625 0.1359375 0.15625
2 0.8484375 0.61875 0.125 0.14375
2 0.578125 0.88828125 0.1359375 0.153125