0 0.5 0.5 1 1
1 0.04609375 0.534375 0.0921875 0.146875
1 0.1390625 0.3734375 0.1546875 0.1359375
1 0.1734375 0.49375 0.11875 0.134375
1 0.37421875 0.953125 0.1234375 0.09375
1 0.9703125 0.86484375 0.059375 0.1359375
1 0.7796875 0.14140625 0.125 0.1359375
1 0.86796875 0.03359375 0.1265625 0.0671875
2 0.2890625 0.35078125 0.1171875 0.128125
2 0.559375 0.43125 0.1390625 0.140625
2 0.3203125 0.59140625 0.1296875 0.1328125
2 0.21796875 0.74296875 0.128125 0.1375
2 0.5765625 0.5765625 0.13125 0.1484375
2 0.84921875 0.675 0.140625 0.1375