0 0.5 0.5 1 1
1 0.0671875 0.06875 0.09765625 0.11484375
1 0.17109375 0.19453125 0.10390625 0.11328125
1 0.84765625 0.32109375 0.109375 0.11328125
1 0.828125 0.44921875 0.09921875 0.125
1 0.7015625 0.94609375 0.125 0.1078125
1 0.053125 0.9453125 0.10625 0.109375
1 0.95078125 0.44921875 0.0984375 0.1171875
2 0.69140625 0.31640625 0.10078125 0.11640625
2 0.43359375 0.44609375 0.11796875 0.11640625
2 0.190625 0.7234375 0.1109375 0.1234375
2 0.4375 0.584375 0.1109375 0.1125
2 0.69609375 0.56484375 0.096875 0.11484375
2 0.82109375 0.69453125 0.11328125 0.121875