0 0.5 0.5 1 1
1 0.91015625 0.0625 0.10625 0.11640625
1 0.1890625 0.05859375 0.128125 0.10546875
1 0.04921875 0.559375 0.09765625 0.125
1 0.24140625 0.4640625 0.11328125 0.11796875
1 0.1296875 0.78515625 0.10625 0.1125
1 0.38046875 0.828125 0.1078125 0.11328125
1 0.57421875 0.57265625 0.09765625 0.11953125
1 0.82421875 0.51640625 0.1078125 0.13203125
2 0.35 0.5796875 0.10390625 0.10546875
2 0.37890625 0.17109375 0.10078125 0.12109375
2 0.55 0.39140625 0.1109375 0.1125
2 0.703125 0.27109375 0.1078125 0.11953125
2 0.90234375 0.89609375 0.10390625 0.121875
2 0.87578125 0.71015625 0.1125 0.121875
2 0.56875 0.8921875 0.11484375 0.121875