0 0.5 0.5 1 1
2 0.8546875 0.6515625 0.146875 0.1546875
2 0.5828125 0.56953125 0.140625 0.1484375
2 0.55546875 0.43046875 0.15 0.1390625
2 0.28125 0.3671875 0.1328125 0.1359375
2 0.33046875 0.60625 0.1375 0.1421875
2 0.23984375 0.75625 0.14375 0.1359375
1 0.40390625 0.96015625 0.1171875 0.0796875
1 0.053125 0.5546875 0.10625 0.140625
1 0.12578125 0.40546875 0.1546875 0.1421875
1 0.17109375 0.52109375 0.128125 0.1296875
1 0.9765625 0.82734375 0.046875 0.1484375
1 0.7578125 0.11953125 0.1390625 0.146875
1 0.82109375 0.02265625 0.1265625 0.0453125