0 0.5015625 0.5 0.996875 1
1 0.10546875 0.1203125 0.10625 0.12109375
1 0.11484375 0.38671875 0.1109375 0.128125
1 0.24453125 0.37109375 0.11640625 0.15078125
1 0.48984375 0.09765625 0.11328125 0.128125
1 0.66875 0.17578125 0.11953125 0.1265625
1 0.784375 0.40546875 0.11953125 0.1375
1 0.23671875 0.71015625 0.11796875 0.13046875
1 0.07890625 0.83203125 0.11484375 0.1234375
1 0.75625 0.89375 0.10625 0.125
2 0.48984375 0.39296875 0.1078125 0.12109375
2 0.43359375 0.69375 0.109375 0.1375
2 0.653125 0.54296875 0.10546875 0.121875
2 0.8203125 0.6796875 0.1125 0.12890625
2 0.50390625 0.9 0.1109375 0.1375