0 0.5 0.5 1 1
2 0.98203125 0.83671875 0.0359375 0.1265625
2 0.86796875 0.090625 0.1203125 0.1265625
2 0.85625 0.60390625 0.134375 0.134375
2 0.66640625 0.51015625 0.13125 0.1421875
2 0.47734375 0.7015625 0.1375 0.1390625
2 0.590625 0.884375 0.13125 0.15
2 0.47421875 0.39375 0.1453125 0.14375
2 0.3625 0.23359375 0.125 0.1375
1 0.8375 0.8265625 0.134375 0.1265625
1 0.15546875 0.92421875 0.1359375 0.140625
1 0.29453125 0.76640625 0.1328125 0.14375
1 0.1 0.47421875 0.1375 0.14375
1 0.22265625 0.4390625 0.1390625 0.153125
1 0.75390625 0.34609375 0.13125 0.146875
1 0.590625 0.15 0.1203125 0.1390625
1 0.40390625 0.10859375 0.1296875 0.11875
1 0.04765625 0.21796875 0.0953125 0.1453125