0 0.5 0.50078125 1 0.9984375
2 0.04921875 0.1859375 0.09765625 0.1109375
2 0.34765625 0.54921875 0.11796875 0.11484375
2 0.5609375 0.6953125 0.11640625 0.11484375
2 0.4921875 0.89765625 0.1234375 0.13046875
2 0.17734375 0.68671875 0.1078125 0.12109375
2 0.059375 0.946875 0.11875 0.10625
1 0.89453125 0.121875 0.1078125 0.11328125
1 0.88671875 0.38203125 0.11796875 0.121875
1 0.753125 0.37890625 0.11640625 0.11640625
1 0.509375 0.096875 0.109375 0.1109375
1 0.33359375 0.17578125 0.10546875 0.11953125
1 0.21640625 0.40859375 0.11484375 0.1265625
1 0.76171875 0.71796875 0.1390625 0.12890625
1 0.92890625 0.828125 0.128125 0.13046875
1 0.2453125 0.8921875 0.11484375 0.121875
2 0.51171875 0.38671875 0.10546875 0.11484375