0 0.5 0.5 1 1
2 0.40546875 0.0515625 0.1296875 0.103125
2 0.1015625 0.23125 0.1359375 0.15625
2 0.75078125 0.23984375 0.1515625 0.1453125
2 0.6015625 0.328125 0.13125 0.1359375
2 0.6921875 0.478125 0.1296875 0.1328125
2 0.8921875 0.77890625 0.121875 0.14375
2 0.63515625 0.73828125 0.140625 0.1515625
2 0.446875 0.421875 0.1265625 0.1296875
2 0.39140625 0.6796875 0.140625 0.14375
2 0.14921875 0.61171875 0.1359375 0.1421875
2 0.33671875 0.9078125 0.134375 0.1546875
2 0.0953125 0.8640625 0.134375 0.1390625