0 0.5 0.5 1 1
1 0.184375 0.0609375 0.128125 0.121875
1 0.14375 0.315625 0.1328125 0.146875
1 0.2734375 0.325 0.14375 0.1703125
1 0.5671875 0.103125 0.1359375 0.146875
1 0.72734375 0.2140625 0.1421875 0.146875
1 0.796875 0.46171875 0.14375 0.1578125
1 0.2015625 0.65625 0.140625 0.15
1 0.0453125 0.7453125 0.090625 0.14375
1 0.6765625 0.93125 0.128125 0.1375
2 0.51015625 0.39296875 0.1296875 0.1390625
2 0.39765625 0.67734375 0.134375 0.15625
2 0.6421875 0.57109375 0.1265625 0.1390625
2 0.78046875 0.7375 0.134375 0.1484375
2 0.42734375 0.89375 0.134375 0.15625