0 0.5 0.5 1 1
1 0.665625 0.93671875 0.11875 0.1265625
1 0.7953125 0.47265625 0.1296875 0.1359375
1 0.734375 0.22421875 0.1328125 0.1484375
1 0.56875 0.10625 0.1578125 0.146875
1 0.1921875 0.05859375 0.1375 0.1171875
1 0.14765625 0.309375 0.1421875 0.134375
1 0.278125 0.321875 0.1296875 0.1390625
1 0.203125 0.6515625 0.1375 0.1453125
1 0.03828125 0.7375 0.0765625 0.134375
2 0.41484375 0.88984375 0.1234375 0.140625
2 0.39140625 0.678125 0.14375 0.14375
2 0.64375 0.5828125 0.11875 0.1203125
2 0.5125 0.3875 0.1375 0.128125
2 0.77109375 0.74765625 0.1328125 0.140625
2 0.83671875 0.971875 0.1421875 0.05625