0 0.5 0.5 1 1
1 0.940625 0.53828125 0.11875 0.1515625
1 0.77734375 0.70703125 0.1453125 0.1484375
1 0.22890625 0.690625 0.140625 0.1484375
1 0.05625 0.490625 0.1125 0.1375
1 0.27265625 0.4 0.13125 0.1546875
1 0.53125 0.32734375 0.1296875 0.134375
1 0.4078125 0.18515625 0.15 0.15
2 0.96640625 0.284375 0.0671875 0.146875
2 0.75625 0.1015625 0.134375 0.140625
2 0.73984375 0.3671875 0.1421875 0.146875
2 0.18984375 0.0640625 0.1515625 0.128125
2 0.72578125 0.91953125 0.134375 0.1484375
2 0.50390625 0.8734375 0.14375 0.14375
2 0.44765625 0.71640625 0.13125 0.1390625
2 0.06328125 0.81484375 0.1265625 0.1453125