0 0.5 0.5 1 1
2 0.04921875 0.1984375 0.09765625 0.12109375
2 0.41015625 0.0703125 0.10390625 0.1125
2 0.90703125 0.046875 0.09765625 0.09375
2 0.79765625 0.19453125 0.11484375 0.11328125
2 0.42578125 0.32421875 0.10390625 0.10234375
2 0.6859375 0.43984375 0.09921875 0.12109375
2 0.94453125 0.69140625 0.1109375 0.1171875
2 0.68203125 0.7109375 0.11640625 0.109375
2 0.55234375 0.934375 0.125 0.13046875
2 0.0671875 0.946875 0.134375 0.10625
2 0.1796875 0.56953125 0.11484375 0.1078125
2 0.41953125 0.56953125 0.10625 0.11328125