0 0.5 0.5 1 1
1 0.9234375 0.83515625 0.10234375 0.11640625
1 0.76015625 0.71640625 0.1078125 0.10625
1 0.8859375 0.38671875 0.10625 0.10234375
1 0.75546875 0.378125 0.1078125 0.1078125
1 0.8984375 0.12109375 0.1125 0.109375
1 0.50390625 0.0921875 0.1078125 0.1078125
1 0.33203125 0.175 0.10390625 0.11953125
1 0.21484375 0.41015625 0.10390625 0.11640625
1 0.2484375 0.8921875 0.09921875 0.1109375
2 0.50078125 0.90234375 0.10625 0.11328125
2 0.56640625 0.68515625 0.09765625 0.1234375
2 0.34921875 0.55078125 0.1078125 0.10390625
2 0.18359375 0.684375 0.10546875 0.1078125
2 0.05625 0.9453125 0.1125 0.109375
2 0.053125 0.1890625 0.10625 0.11328125
2 0.57421875 0.21171875 0.10390625 0.10546875
2 0.509375 0.3875 0.10625 0.13671875