0 0.49921875 0.50078125 0.9984375 0.9984375
2 0.490625 0.384375 0.10625 0.11796875
2 0.65234375 0.5453125 0.1109375 0.11953125
2 0.81953125 0.6875 0.09921875 0.13359375
2 0.496875 0.89765625 0.11328125 0.128125
1 0.75546875 0.89296875 0.09921875 0.12109375
1 0.11015625 0.1203125 0.109375 0.109375
1 0.49296875 0.09765625 0.10234375 0.1125
1 0.67109375 0.1828125 0.11796875 0.11484375
1 0.78203125 0.41015625 0.109375 0.11796875
1 0.24609375 0.37421875 0.10625 0.1125
1 0.115625 0.38203125 0.11484375 0.11640625
1 0.24296875 0.7109375 0.1078125 0.1234375
1 0.0796875 0.8328125 0.1078125 0.12109375