0 0.5 0.5 1 1
2 0.96484375 0.890625 0.0703125 0.11875
2 0.8390625 0.6390625 0.1109375 0.1375
2 0.66015625 0.53203125 0.1203125 0.125
2 0.45703125 0.696875 0.1171875 0.1328125
2 0.55625 0.89609375 0.1328125 0.1453125
2 0.47890625 0.38828125 0.1140625 0.1359375
1 0.80390625 0.86015625 0.1140625 0.128125
1 0.11953125 0.88125 0.11875 0.125
1 0.2671875 0.7421875 0.1171875 0.13125
1 0.77109375 0.3796875 0.115625 0.1359375
1 0.625 0.1640625 0.1265625 0.1234375
1 0.44140625 0.103125 0.1265625 0.1265625
1 0.0640625 0.17734375 0.1203125 0.13125
1 0.10625 0.4328125 0.1109375 0.13125
1 0.23359375 0.4046875 0.1171875 0.134375