0 0.5 0.5 1 1
2 0.89921875 0.9015625 0.1109375 0.11796875
2 0.87421875 0.71015625 0.10078125 0.11640625
2 0.696875 0.2765625 0.109375 0.11796875
2 0.54765625 0.38984375 0.10078125 0.11484375
2 0.38046875 0.1703125 0.09375 0.11328125
2 0.34765625 0.57890625 0.10234375 0.1234375
2 0.571875 0.89609375 0.12890625 0.11953125
1 0.91171875 0.05859375 0.09921875 0.10625
1 0.18984375 0.06328125 0.10625 0.10390625
1 0.57578125 0.5734375 0.11484375 0.11796875
1 0.240625 0.46015625 0.0921875 0.13671875
1 0.05078125 0.55859375 0.1015625 0.1265625
1 0.12890625 0.7796875 0.1109375 0.128125
1 0.3765625 0.82890625 0.11640625 0.12109375