0 0.5 0.5 1 1
1 0.86171875 0.0421875 0.1171875 0.084375
1 0.14453125 0.09375 0.1390625 0.11875
1 0.0578125 0.60625 0.1109375 0.134375
1 0.2390625 0.49140625 0.125 0.1296875
1 0.16171875 0.82265625 0.1171875 0.1234375
1 0.415625 0.8390625 0.11875 0.1234375
1 0.58125 0.56484375 0.109375 0.1296875
1 0.82421875 0.4828125 0.1203125 0.1421875
2 0.359375 0.5953125 0.1140625 0.115625
2 0.3453125 0.1859375 0.1125 0.13125
2 0.53828125 0.38671875 0.121875 0.1234375
2 0.678125 0.25078125 0.1203125 0.1296875
2 0.94140625 0.8515625 0.115625 0.1328125
2 0.8953125 0.66953125 0.125 0.1328125
2 0.609375 0.8828125 0.1265625 0.1328125