0 0.5 0.5 1 1
2 0.49453125 0.384375 0.1109375 0.121875
2 0.65078125 0.55078125 0.115625 0.1234375
2 0.8125 0.6984375 0.103125 0.1375
2 0.4828125 0.89765625 0.1171875 0.13125
1 0.74140625 0.9015625 0.103125 0.125
1 0.1234375 0.10703125 0.1125 0.1125
1 0.50703125 0.09765625 0.10625 0.115625
1 0.68203125 0.1890625 0.121875 0.11875
1 0.78515625 0.4203125 0.1140625 0.121875
1 0.25078125 0.365625 0.109375 0.115625
1 0.1203125 0.36875 0.11875 0.1203125
1 0.2359375 0.7015625 0.1125 0.1265625
1 0.06796875 0.81796875 0.1125 0.125