0 0.5 0.5 1 1
1 0.94609375 0.46875 0.1078125 0.1375
1 0.80625 0.6609375 0.128125 0.13125
1 0.26171875 0.73125 0.121875 0.1328125
1 0.0546875 0.56171875 0.109375 0.1234375
1 0.26015625 0.43671875 0.1109375 0.140625
1 0.50390625 0.32421875 0.1140625 0.1203125
1 0.359375 0.203125 0.1328125 0.1328125
2 0.95078125 0.20859375 0.0984375 0.1328125
2 0.69140625 0.06640625 0.11875 0.125
2 0.71640625 0.33203125 0.1234375 0.13125
2 0.1234375 0.10703125 0.1328125 0.1328125
2 0.78828125 0.87890625 0.1171875 0.1328125
2 0.5625 0.86796875 0.1265625 0.128125
2 0.48203125 0.721875 0.115625 0.1234375
2 0.1125 0.88046875 0.121875 0.1296875