0 0.5 0.5 1 1
2 0.03828125 0.2265625 0.0765625 0.11875
2 0.35234375 0.5625 0.128125 0.125
2 0.57734375 0.6890625 0.1265625 0.125
2 0.5265625 0.896875 0.134375 0.140625
2 0.19453125 0.7140625 0.1171875 0.1296875
2 0.1 0.9625 0.128125 0.075
1 0.86015625 0.0890625 0.1171875 0.121875
1 0.875 0.3484375 0.128125 0.13125
1 0.74140625 0.35703125 0.1265625 0.1265625
1 0.47421875 0.09765625 0.11875 0.1203125
1 0.30625 0.19140625 0.115625 0.128125
1 0.209375 0.43359375 0.125 0.1359375
1 0.7796875 0.69453125 0.15 0.140625
1 0.94296875 0.7890625 0.1140625 0.140625
1 0.28046875 0.91328125 0.125 0.13125
2 0.5015625 0.3859375 0.115625 0.1234375