0 0.5 0.5 1 1
2 0.86875 0.93671875 0.128125 0.1265625
2 0.85390625 0.746875 0.121875 0.1234375
2 0.53671875 0.90234375 0.1171875 0.134375
2 0.34140625 0.56171875 0.115625 0.125
2 0.553125 0.396875 0.1296875 0.13125
2 0.7203125 0.29609375 0.1171875 0.121875
2 0.4125 0.1640625 0.125 0.121875
1 0.9453125 0.1 0.109375 0.115625
1 0.34765625 0.81953125 0.1265625 0.115625
1 0.10546875 0.75234375 0.115625 0.1265625
1 0.04453125 0.50859375 0.0890625 0.1390625
1 0.24140625 0.44140625 0.125 0.1140625
1 0.24140625 0.04765625 0.1546875 0.0953125