0 0.5 0.5 1 1
2 0.5046875 0.384375 0.1203125 0.1296875
2 0.6453125 0.56328125 0.125 0.1328125
2 0.79453125 0.725 0.1140625 0.1453125
2 0.4484375 0.89453125 0.128125 0.140625
1 0.70546875 0.92109375 0.1125 0.1328125
1 0.159375 0.07578125 0.121875 0.121875
1 0.5421875 0.1 0.115625 0.1234375
1 0.70859375 0.20625 0.13125 0.128125
1 0.790625 0.4453125 0.1234375 0.1296875
1 0.26328125 0.34453125 0.11875 0.125
1 0.1328125 0.3359375 0.128125 0.1296875
1 0.21953125 0.678125 0.121875 0.1359375
1 0.0515625 0.77890625 0.103125 0.1328125