0 0.5 0.5 1 1
1 0.75546875 0.890625 0.1078125 0.121875
1 0.784375 0.40859375 0.1078125 0.1125
1 0.66796875 0.175 0.10390625 0.11953125
1 0.49765625 0.09296875 0.10625 0.1125
1 0.11015625 0.11875 0.109375 0.10390625
1 0.115625 0.3828125 0.0921875 0.11796875
1 0.246875 0.371875 0.10546875 0.11640625
1 0.2421875 0.71484375 0.1125 0.128125
1 0.07890625 0.83203125 0.109375 0.121875
2 0.4890625 0.38359375 0.109375 0.11328125
2 0.65 0.54609375 0.1125 0.1375
2 0.81953125 0.6828125 0.10234375 0.1265625
2 0.50234375 0.89609375 0.1125 0.13359375