0 0.4984375 0.5015625 0.996875 0.996875
2 0.93671875 0.946875 0.1046875 0.10625
2 0.81953125 0.6796875 0.096875 0.1265625
2 0.6546875 0.5515625 0.1078125 0.1125
2 0.43359375 0.68984375 0.10390625 0.12109375
2 0.5078125 0.9 0.11796875 0.13203125
2 0.49296875 0.38671875 0.09921875 0.125
1 0.7578125 0.89453125 0.10078125 0.11640625
1 0.07578125 0.83203125 0.10625 0.11328125
1 0.2390625 0.71171875 0.10390625 0.11953125
1 0.78359375 0.41328125 0.10078125 0.125
1 0.66484375 0.18203125 0.11328125 0.1109375
1 0.48984375 0.09921875 0.11328125 0.11328125
1 0.10703125 0.1265625 0.10625 0.11953125
1 0.1171875 0.38515625 0.09765625 0.11953125
1 0.246875 0.37265625 0.10234375 0.1234375