0 0.5015625 0.5 0.996875 1
1 0.44453125 0.1703125 0.10546875 0.1109375
1 0.05390625 0.31640625 0.1078125 0.11484375
1 0.8109375 0.4421875 0.1078125 0.1265625
1 0.3046875 0.6859375 0.09765625 0.11640625
1 0.54765625 0.934375 0.12890625 0.13046875
2 0.79609375 0.8171875 0.10625 0.1234375
2 0.80390625 0.19609375 0.1078125 0.13046875
2 0.29453125 0.3171875 0.1125 0.11484375
2 0.671875 0.58359375 0.1109375 0.13359375
2 0.4359375 0.5703125 0.1078125 0.13203125
2 0.18046875 0.56640625 0.10234375 0.11640625
2 0.17265625 0.81640625 0.12109375 0.13515625