2 0.36640625 0.1734375 0.134375 0.11875
2 0.540625 0.38671875 0.1078125 0.121875
2 0.68984375 0.26484375 0.11875 0.115625
2 0.88984375 0.68671875 0.11875 0.1265625
2 0.92265625 0.87265625 0.128125 0.1328125
2 0.5921875 0.89921875 0.11875 0.11875
2 0.3546875 0.590625 0.10625 0.1140625
1 0.89375 0.0484375 0.1125 0.096875
1 0.1671875 0.075 0.1234375 0.121875
1 0.23828125 0.4765625 0.1203125 0.134375
1 0.58125 0.57109375 0.1203125 0.121875
1 0.39375 0.8359375 0.128125 0.128125
1 0.15234375 0.80234375 0.1171875 0.11875
1 0.05625 0.5796875 0.1109375 0.1234375