0 0.5 0.5 1 1
1 0.7609375 0.89140625 0.0984375 0.115625
1 0.78125 0.40703125 0.109375 0.11875
1 0.66640625 0.178125 0.109375 0.13125
1 0.478125 0.10078125 0.1375 0.1234375
1 0.09921875 0.128125 0.1171875 0.1203125
1 0.1140625 0.39375 0.1234375 0.1125
1 0.24375 0.3765625 0.109375 0.121875
1 0.2453125 0.71484375 0.115625 0.1265625
1 0.08046875 0.84140625 0.1078125 0.1171875
2 0.5046875 0.89921875 0.103125 0.1234375
2 0.43359375 0.6984375 0.1234375 0.1234375
2 0.65859375 0.54765625 0.1015625 0.1046875
2 0.48671875 0.3875 0.1203125 0.1078125
2 0.81953125 0.68046875 0.1125 0.121875
2 0.9421875 0.928125 0.115625 0.128125