0 0.5 0.5 1 1
2 0.9421875 0.18046875 0.10625 0.109375
2 0.94609375 0.93828125 0.1078125 0.1078125
2 0.8203125 0.67265625 0.103125 0.1203125
2 0.6546875 0.546875 0.1203125 0.1140625
2 0.51328125 0.90234375 0.1171875 0.1234375
2 0.434375 0.69453125 0.1 0.1140625
1 0.7578125 0.88828125 0.1078125 0.128125
1 0.78515625 0.40546875 0.115625 0.115625
1 0.6609375 0.175 0.109375 0.1140625
1 0.4875 0.1015625 0.109375 0.1171875
1 0.103125 0.12734375 0.1078125 0.1109375
1 0.11953125 0.39140625 0.121875 0.109375
1 0.24609375 0.37578125 0.1125 0.128125
1 0.2453125 0.7140625 0.1046875 0.1078125
1 0.078125 0.84140625 0.1140625 0.1171875
2 0.484375 0.384375 0.103125 0.1140625