0 0.5 0.5 1 1
1 0.15703125 0.0296875 0.1171875 0.059375
1 0.23515625 0.1375 0.1234375 0.13125
1 0.87578125 0.390625 0.1296875 0.1328125
1 0.83203125 0.5125 0.121875 0.1421875
1 0.6125 0.95546875 0.14375 0.0890625
1 0.01953125 0.8515625 0.0390625 0.128125
1 0.94609375 0.5359375 0.1078125 0.134375
2 0.72265625 0.35625 0.121875 0.1328125
2 0.4453125 0.434375 0.1375 0.1375
2 0.15390625 0.66015625 0.1328125 0.1421875
2 0.42265625 0.57109375 0.1296875 0.13125
2 0.68046875 0.60078125 0.1171875 0.13125
2 0.778125 0.75234375 0.134375 0.140625