0 0.4984375 0.496875 0.996875 0.99375
2 0.3109375 0.06640625 0.1078125 0.11484375
2 0.0546875 0.31953125 0.109375 0.13671875
2 0.69140625 0.19296875 0.12890625 0.121875
2 0.56328125 0.3109375 0.109375 0.11640625
2 0.68359375 0.43828125 0.109375 0.1125
2 0.94140625 0.69140625 0.09765625 0.1265625
2 0.68203125 0.7046875 0.11640625 0.13046875
2 0.43203125 0.434375 0.10546875 0.1109375
2 0.43125 0.6984375 0.11796875 0.12109375
2 0.18046875 0.68203125 0.11328125 0.121875
2 0.425 0.9328125 0.109375 0.134375
2 0.1796875 0.940625 0.1125 0.11875