0 0.5015625 0.5015625 0.996875 0.996875
2 0.5515625 0.93984375 0.1125 0.1203125
2 0.9421875 0.69453125 0.109375 0.13359375
2 0.67734375 0.7015625 0.10234375 0.125
2 0.41953125 0.5640625 0.10390625 0.1109375
2 0.68671875 0.43359375 0.12109375 0.11640625
2 0.434375 0.325 0.1109375 0.09921875
2 0.0515625 0.20234375 0.103125 0.1171875
2 0.41640625 0.0671875 0.1421875 0.109375
2 0.1734375 0.5625 0.10546875 0.11328125
2 0.0625 0.93984375 0.11875 0.1203125
2 0.80390625 0.18984375 0.10234375 0.10625
2 0.90390625 0.05 0.1125 0.09921875