0 0.5 0.5 1 1
2 0.84296875 0.9796875 0.1234375 0.040625
2 0.7796875 0.7375 0.11875 0.1421875
2 0.6421875 0.58046875 0.1265625 0.13125
2 0.3984375 0.6734375 0.125 0.1390625
2 0.43125 0.89453125 0.140625 0.1515625
2 0.51484375 0.3875 0.121875 0.1421875
1 0.678125 0.93515625 0.121875 0.1296875
1 0.04140625 0.7453125 0.0828125 0.13125
1 0.203125 0.6578125 0.125 0.1375
1 0.7953125 0.46875 0.1234375 0.1421875
1 0.72265625 0.21953125 0.1328125 0.13125
1 0.56640625 0.1046875 0.1328125 0.1328125
1 0.18515625 0.06328125 0.1265625 0.1265625
1 0.14609375 0.3140625 0.11875 0.1359375
1 0.27578125 0.3265625 0.1234375 0.140625