0 0.5 0.5 1 1
2 0.4859375 0.38671875 0.1140625 0.1234375
2 0.653125 0.5421875 0.103125 0.1171875
2 0.8234375 0.67265625 0.1109375 0.125
2 0.51015625 0.8984375 0.1125 0.13125
2 0.240625 0.78984375 0.1015625 0.1140625
2 0.159375 0.66484375 0.109375 0.1171875
1 0.7640625 0.88984375 0.1078125 0.1328125
1 0.7828125 0.40390625 0.1125 0.1234375
1 0.66015625 0.16640625 0.1109375 0.1078125
1 0.48671875 0.096875 0.1078125 0.109375
1 0.103125 0.1234375 0.1046875 0.109375
1 0.11328125 0.38828125 0.1171875 0.1234375
1 0.24765625 0.378125 0.1296875 0.1234375