0 0.49921875 0.5 0.9984375 1
1 0.9453125 0.453125 0.10390625 0.13359375
1 0.81171875 0.65 0.1234375 0.1265625
1 0.2703125 0.7390625 0.11796875 0.12890625
1 0.0546875 0.578125 0.109375 0.11953125
1 0.2578125 0.4453125 0.10625 0.1375
1 0.49765625 0.32421875 0.109375 0.11640625
1 0.34921875 0.20859375 0.128125 0.128125
2 0.946875 0.19375 0.10625 0.12890625
2 0.67578125 0.06015625 0.1140625 0.1203125
2 0.71015625 0.32421875 0.11953125 0.1265625
2 0.11015625 0.1203125 0.12890625 0.12890625
2 0.8015625 0.86875 0.1125 0.12890625
2 0.575 0.865625 0.121875 0.1234375
2 0.48984375 0.72265625 0.1109375 0.11953125
2 0.12578125 0.89375 0.11796875 0.125