0 0.5 0.5 1 1
1 0.059375 0.1796875 0.11875 0.128125
1 0.10546875 0.4390625 0.1296875 0.15625
1 0.22890625 0.40703125 0.115625 0.1421875
1 0.27421875 0.74140625 0.1234375 0.1546875
1 0.1234375 0.884375 0.1171875 0.1625
1 0.8078125 0.85 0.134375 0.1359375
1 0.7734375 0.371875 0.1203125 0.1234375
1 0.6171875 0.16171875 0.1234375 0.1375
1 0.4375 0.103125 0.140625 0.134375
2 0.8375 0.6375 0.1203125 0.134375
2 0.65859375 0.52734375 0.1203125 0.1265625
2 0.47734375 0.3921875 0.1234375 0.1375
2 0.90078125 0.12890625 0.1171875 0.121875
2 0.96875 0.88125 0.0625 0.11875
2 0.54765625 0.8953125 0.1515625 0.140625
2 0.4609375 0.69609375 0.11875 0.140625