0 0.5 0.5 1 1
2 0.48828125 0.38671875 0.1125 0.12109375
2 0.65234375 0.54453125 0.10078125 0.11484375
2 0.8203125 0.678125 0.109375 0.1234375
2 0.503125 0.8984375 0.1109375 0.12890625
2 0.2359375 0.78515625 0.09921875 0.1125
2 0.15625 0.65859375 0.1078125 0.11484375
1 0.75703125 0.89453125 0.10546875 0.13046875
1 0.784375 0.40859375 0.1109375 0.12109375
1 0.665625 0.16953125 0.109375 0.10625
1 0.49375 0.096875 0.10625 0.1078125
1 0.109375 0.11640625 0.10234375 0.1078125
1 0.115625 0.38125 0.11484375 0.12109375
1 0.25 0.3734375 0.128125 0.121875