0 0.5 0.50078125 1 0.9984375
1 0.94296875 0.1953125 0.1140625 0.10625
1 0.94609375 0.325 0.1078125 0.11328125
1 0.19921875 0.18046875 0.10625 0.11953125
1 0.05390625 0.20859375 0.1078125 0.1390625
1 0.43984375 0.9390625 0.1171875 0.121875
2 0.3140625 0.06640625 0.1125 0.1328125
2 0.1890625 0.3296875 0.1109375 0.128125
2 0.94296875 0.4546875 0.1140625 0.11875
2 0.946875 0.0625 0.10625 0.125
2 0.57109375 0.94375 0.10234375 0.1125
2 0.30390625 0.9453125 0.1078125 0.109375
2 0.1796875 0.94765625 0.1125 0.1046875