0 0.5 0.5 1 1
1 0.2859375 0.05 0.10078125 0.09921875
1 0.43515625 0.1875 0.10390625 0.121875
1 0.18125 0.18515625 0.1125 0.11796875
1 0.17578125 0.30859375 0.10546875 0.10546875
1 0.0453125 0.45859375 0.090625 0.1078125
1 0.2921875 0.43125 0.08125 0.11484375
1 0.45 0.44609375 0.096875 0.11328125
1 0.42578125 0.58203125 0.09375 0.11796875
1 0.28984375 0.584375 0.11328125 0.1125
1 0.30390625 0.709375 0.10546875 0.09765625
1 0.17265625 0.821875 0.10078125 0.1234375
1 0.4375 0.95078125 0.090625 0.0984375