0 0.4984375 0.5015625 0.996875 0.996875
2 0.30546875 0.0546875 0.1078125 0.109375
2 0.0640625 0.08125 0.1109375 0.125
2 0.17421875 0.2078125 0.0921875 0.12109375
2 0.32421875 0.328125 0.10625 0.1078125
2 0.1765625 0.44921875 0.10390625 0.1125
2 0.05078125 0.32421875 0.1015625 0.1234375
2 0.04921875 0.565625 0.09765625 0.121875
2 0.3015625 0.56796875 0.10078125 0.11953125
2 0.1875 0.70703125 0.11953125 0.11796875
2 0.3171875 0.8328125 0.1125 0.12109375
2 0.1796875 0.92734375 0.109375 0.1421875
2 0.05 0.8296875 0.1 0.1125