0 0.5 0.50078125 1 0.9984375
2 0.7046875 0.3125 0.10234375 0.125
2 0.19296875 0.2 0.10234375 0.1078125
2 0.82109375 0.56640625 0.1109375 0.11796875
2 0.8265625 0.81875 0.1109375 0.1125
2 0.55859375 0.57421875 0.11640625 0.125
2 0.3265625 0.584375 0.11328125 0.13515625
2 0.196875 0.809375 0.10625 0.13046875
1 0.559375 0.17265625 0.11640625 0.13515625
1 0.94453125 0.31640625 0.1109375 0.1171875
1 0.18359375 0.4421875 0.12109375 0.10625
1 0.45859375 0.93984375 0.10546875 0.11484375
1 0.69140625 0.68828125 0.10546875 0.12890625