0 0.5 0.5 1 1
1 0.95546875 0.41484375 0.0890625 0.1328125
1 0.971875 0.2921875 0.05625 0.125
1 0.27734375 0.12578125 0.1296875 0.1359375
1 0.128125 0.11484375 0.134375 0.1390625
1 0.34453125 0.91953125 0.1328125 0.134375
2 0.40390625 0.0546875 0.1265625 0.109375
2 0.97890625 0.15859375 0.0421875 0.1359375
2 0.93671875 0.5421875 0.1265625 0.134375
2 0.23203125 0.26015625 0.1359375 0.1328125
2 0.0953125 0.86875 0.13125 0.13125
2 0.2171875 0.8953125 0.1234375 0.128125
2 0.48515625 0.94609375 0.1296875 0.1078125