0 0.49765625 0.5015625 0.9953125 0.996875
1 0.8171875 0.44140625 0.1234375 0.1109375
1 0.44296875 0.17265625 0.11953125 0.109375
1 0.05 0.31484375 0.09921875 0.10390625
1 0.30703125 0.68828125 0.1109375 0.12109375
1 0.5578125 0.9421875 0.1265625 0.11484375
2 0.8046875 0.19609375 0.10625 0.128125
2 0.30078125 0.31328125 0.11484375 0.11484375
2 0.43828125 0.5765625 0.10625 0.11328125
2 0.675 0.58125 0.1078125 0.1109375
2 0.8015625 0.81328125 0.11484375 0.1375
2 0.17109375 0.81640625 0.109375 0.11953125
2 0.18515625 0.57578125 0.1125 0.109375