0 0.4984375 0.5 0.996875 1
1 0.440625 0.42578125 0.096875 0.109375
1 0.44921875 0.31015625 0.1078125 0.10390625
1 0.43671875 0.190625 0.1125 0.121875
1 0.43984375 0.053125 0.140625 0.10078125
1 0.05234375 0.0578125 0.1046875 0.115625
1 0.19296875 0.19375 0.125 0.1125
1 0.053125 0.3109375 0.10625 0.121875
1 0.1875 0.42578125 0.1109375 0.10625
1 0.0515625 0.55625 0.103125 0.1125
1 0.178125 0.6953125 0.1125 0.1265625
1 0.0484375 0.815625 0.096875 0.11640625
1 0.18359375 0.9453125 0.08515625 0.109375