0 0.49765625 0.5015625 0.9953125 0.996875
2 0.0734375 0.07890625 0.11484375 0.11484375
2 0.04921875 0.33125 0.09765625 0.11640625
2 0.05390625 0.70625 0.10234375 0.11640625
2 0.31328125 0.834375 0.1125 0.12109375
2 0.29921875 0.56640625 0.10625 0.1234375
2 0.1828125 0.44765625 0.09765625 0.1109375
2 0.32421875 0.3328125 0.096875 0.1125
2 0.17578125 0.21640625 0.09921875 0.10078125
2 0.30859375 0.06328125 0.10390625 0.10625
2 0.809375 0.18125 0.10234375 0.11484375
2 0.9140625 0.62890625 0.1125 0.13046875