0 0.5 0.5 1 1
1 0.91484375 0.1578125 0.1234375 0.115625
1 0.92890625 0.28671875 0.1171875 0.121875
1 0.17265625 0.2078125 0.115625 0.128125
1 0.04453125 0.24765625 0.0890625 0.1484375
1 0.478125 0.93828125 0.128125 0.1234375
2 0.27734375 0.084375 0.1234375 0.1421875
2 0.17578125 0.3578125 0.121875 0.1375
2 0.9375 0.41640625 0.1234375 0.128125
2 0.90703125 0.04609375 0.1171875 0.0921875
2 0.609375 0.9359375 0.1125 0.1203125
2 0.34296875 0.95078125 0.1171875 0.0984375
2 0.2203125 0.95859375 0.121875 0.0828125