0 0.496875 0.5 0.99375 1
1 0.946875 0.31875 0.10625 0.1125
1 0.95 0.1921875 0.09921875 0.10625
1 0.2046875 0.18046875 0.1078125 0.11640625
1 0.05625 0.20078125 0.1125 0.11796875
1 0.43515625 0.94296875 0.1109375 0.1140625
2 0.31015625 0.06875 0.10390625 0.1234375
2 0.94375 0.0578125 0.1125 0.11484375
2 0.94140625 0.44921875 0.11640625 0.11328125
2 0.18828125 0.32109375 0.11484375 0.1109375
2 0.18046875 0.94453125 0.1109375 0.1109375
2 0.30546875 0.9453125 0.10234375 0.109375
2 0.58046875 0.94765625 0.1109375 0.1046875