0 0.4984375 0.49765625 0.996875 0.9953125
2 0.809375 0.18046875 0.096875 0.1109375
2 0.92109375 0.62578125 0.10625 0.1234375
2 0.31484375 0.828125 0.1265625 0.11953125
2 0.3015625 0.5671875 0.10078125 0.1125
2 0.05234375 0.5734375 0.1046875 0.128125
2 0.17734375 0.44765625 0.125 0.11640625
2 0.3265625 0.321875 0.13359375 0.1265625
2 0.0578125 0.32890625 0.11484375 0.10390625
2 0.1734375 0.2109375 0.11328125 0.10625
2 0.31015625 0.06484375 0.1265625 0.12890625
2 0.075 0.08515625 0.11328125 0.11328125