0 0.5015625 0.4984375 0.996875 0.996875
2 0.0546875 0.05390625 0.109375 0.1078125
2 0.446875 0.071875 0.10078125 0.11796875
2 0.69140625 0.071875 0.0953125 0.09765625
2 0.8109375 0.06796875 0.10234375 0.10546875
2 0.82109375 0.94140625 0.11328125 0.11640625
2 0.69375 0.9453125 0.11796875 0.109375
2 0.43046875 0.946875 0.11328125 0.10625
1 0.5625 0.940625 0.115625 0.11875
1 0.19296875 0.08359375 0.10546875 0.11328125
1 0.309375 0.071875 0.10234375 0.1234375
1 0.5609375 0.0671875 0.10234375 0.10625
1 0.94140625 0.06953125 0.11640625 0.11328125