0 0.5 0.5 1 1
1 0.95859375 0.26015625 0.0828125 0.1203125
1 0.95234375 0.38828125 0.0953125 0.1265625
1 0.246875 0.14140625 0.121875 0.1328125
1 0.0984375 0.14921875 0.1265625 0.153125
1 0.3796875 0.9265625 0.1328125 0.1375
2 0.37578125 0.05859375 0.1296875 0.1171875
2 0.215625 0.28828125 0.128125 0.1421875
2 0.93984375 0.51640625 0.1203125 0.1328125
2 0.97109375 0.12890625 0.0578125 0.1390625
2 0.50859375 0.94296875 0.1171875 0.1140625
2 0.24375 0.9140625 0.121875 0.1234375
2 0.1203125 0.8984375 0.1265625 0.11875