0 0.4984375 0.4984375 0.996875 0.996875
1 0.28828125 0.05546875 0.121875 0.096875
1 0.04921875 0.05703125 0.09765625 0.11328125
1 0.1859375 0.18984375 0.11640625 0.1125
1 0.32734375 0.31796875 0.0953125 0.1078125
1 0.0609375 0.30859375 0.121875 0.109375
1 0.18359375 0.43359375 0.109375 0.109375
1 0.3171875 0.58046875 0.11796875 0.1125
1 0.17578125 0.703125 0.09765625 0.1109375
1 0.05078125 0.55390625 0.1015625 0.1234375
1 0.05 0.81875 0.1 0.13125
1 0.18515625 0.94453125 0.0984375 0.1109375
1 0.31640625 0.8171875 0.09765625 0.1234375