0 0.49765625 0.50078125 0.9953125 0.9984375
2 0.81484375 0.18359375 0.0921875 0.1109375
2 0.30703125 0.0609375 0.10546875 0.11640625
2 0.17578125 0.2140625 0.10390625 0.109375
2 0.065625 0.07890625 0.11953125 0.13515625
2 0.05078125 0.33203125 0.1015625 0.1234375
2 0.32265625 0.328125 0.1078125 0.11953125
2 0.17890625 0.4484375 0.10234375 0.12890625
2 0.30078125 0.56484375 0.11484375 0.11484375
2 0.0546875 0.57265625 0.109375 0.1359375
2 0.31640625 0.8328125 0.1109375 0.13203125
2 0.053125 0.83203125 0.10625 0.1390625