0 0.5 0.5 1 1
1 0.4453125 0.171875 0.10625 0.1109375
1 0.0546875 0.3140625 0.10390625 0.11328125
1 0.3046875 0.690625 0.10390625 0.11640625
1 0.54140625 0.93671875 0.1015625 0.1265625
1 0.82421875 0.4390625 0.1125 0.11953125
2 0.803125 0.19375 0.10625 0.10625
2 0.80078125 0.8171875 0.10625 0.11484375
2 0.67734375 0.58203125 0.11328125 0.11484375
2 0.43828125 0.578125 0.10390625 0.11953125
2 0.1765625 0.571875 0.10390625 0.1125
2 0.30078125 0.3109375 0.125 0.11953125
2 0.16953125 0.82265625 0.13203125 0.125