0 0.5 0.5 1 1
1 0.19921875 0.94765625 0.1171875 0.1046875
1 0.05859375 0.84296875 0.0984375 0.1203125
1 0.1828125 0.71171875 0.103125 0.109375
1 0.05390625 0.5828125 0.10625 0.109375
1 0.18359375 0.43671875 0.1109375 0.115625
1 0.4390625 0.428125 0.1015625 0.115625
1 0.05703125 0.3234375 0.1140625 0.11875
1 0.18046875 0.2015625 0.1125 0.109375
1 0.04453125 0.0703125 0.0890625 0.10625
1 0.41015625 0.05703125 0.1109375 0.1109375
1 0.42421875 0.1953125 0.121875 0.1234375
1 0.434375 0.31875 0.128125 0.1078125