0 0.4984375 0.4984375 0.996875 0.996875
1 0.065625 0.06640625 0.10546875 0.1125
1 0.434375 0.06640625 0.10234375 0.10546875
1 0.690625 0.06484375 0.11328125 0.11484375
1 0.8140625 0.08203125 0.096875 0.11796875
1 0.42890625 0.94453125 0.0859375 0.1109375
2 0.18359375 0.0703125 0.109375 0.109375
2 0.30546875 0.06875 0.096875 0.10390625
2 0.55546875 0.07265625 0.10234375 0.1109375
2 0.94921875 0.0609375 0.10078125 0.1078125
2 0.57734375 0.9484375 0.1078125 0.103125
2 0.31015625 0.946875 0.10625 0.10625
2 0.1765625 0.946875 0.10390625 0.10625