0 0.4984375 0.5015625 0.996875 0.996875
2 0.81171875 0.184375 0.09765625 0.11328125
2 0.915625 0.625 0.10625 0.125
2 0.78046875 0.82890625 0.08984375 0.11484375
2 0.5734375 0.390625 0.10078125 0.1109375
2 0.30546875 0.5671875 0.1078125 0.12890625
2 0.17578125 0.44921875 0.1078125 0.1125
2 0.32109375 0.3359375 0.090625 0.09765625
2 0.046875 0.32734375 0.09375 0.1046875
2 0.1703125 0.2140625 0.10234375 0.10078125
2 0.30625 0.06328125 0.10625 0.11796875
2 0.06484375 0.07734375 0.12109375 0.11796875