0 0.5015625 0.50078125 0.996875 0.9984375
2 0.81171875 0.18125 0.10078125 0.1125
2 0.92109375 0.6203125 0.10390625 0.11796875
2 0.78515625 0.81875 0.11484375 0.12109375
2 0.42734375 0.87109375 0.1078125 0.121875
2 0.2390625 0.809375 0.1125 0.1109375
2 0.415625 0.6390625 0.1125 0.11328125
2 0.22890625 0.53046875 0.09921875 0.1234375
2 0.57421875 0.38671875 0.09765625 0.11953125
2 0.4984375 0.28984375 0.1078125 0.121875
2 0.31015625 0.21640625 0.10625 0.11796875
2 0.128125 0.2609375 0.1078125 0.12109375