0 0.50078125 0.5015625 0.9984375 0.996875
2 0.9390625 0.06484375 0.121875 0.1140625
2 0.934375 0.44765625 0.1109375 0.128125
2 0.30859375 0.07109375 0.1125 0.1109375
2 0.1796875 0.3203125 0.109375 0.109375
2 0.57109375 0.94140625 0.09375 0.11640625
2 0.31171875 0.94453125 0.1265625 0.1109375
2 0.1828125 0.95 0.1125 0.09921875
1 0.94453125 0.19921875 0.10546875 0.12109375
1 0.94296875 0.32578125 0.1140625 0.1078125
1 0.20546875 0.184375 0.109375 0.11640625
1 0.0546875 0.2078125 0.109375 0.1265625
1 0.43671875 0.94453125 0.1046875 0.1109375