0 0.49921875 0.50078125 0.9984375 0.9984375
2 0.8109375 0.18359375 0.090625 0.09921875
2 0.91640625 0.615625 0.10546875 0.140625
2 0.78046875 0.82109375 0.11484375 0.13359375
2 0.43359375 0.7015625 0.1078125 0.10546875
2 0.56875 0.3875 0.11484375 0.1109375
2 0.32265625 0.334375 0.096875 0.09765625
2 0.18359375 0.453125 0.096875 0.11640625
2 0.05 0.33046875 0.1 0.0953125
2 0.16796875 0.2203125 0.09765625 0.08515625
2 0.31484375 0.0671875 0.10625 0.109375
2 0.06640625 0.07421875 0.10078125 0.1265625