0 0.5 0.5 1 1
1 0.59765625 0.05234375 0.1234375 0.1046875
1 0.83828125 0.02421875 0.1203125 0.0484375
1 0.74453125 0.128125 0.1203125 0.121875
1 0.903125 0.240625 0.1265625 0.1421875
1 0.64609375 0.284375 0.1203125 0.1296875
1 0.8 0.378125 0.1296875 0.128125
1 0.9421875 0.4796875 0.115625 0.14375
1 0.69140625 0.5171875 0.1296875 0.15625
1 0.86328125 0.63828125 0.128125 0.1375
1 0.96484375 0.7140625 0.0703125 0.140625
1 0.903125 0.86484375 0.115625 0.1359375
1 0.74765625 0.7640625 0.128125 0.1328125