0 0.4984375 0.5 0.996875 1
2 0.3078125 0.06328125 0.09765625 0.10390625
2 0.06484375 0.07421875 0.11484375 0.13203125
2 0.171875 0.20859375 0.096875 0.10234375
2 0.32734375 0.3265625 0.10390625 0.1109375
2 0.0515625 0.328125 0.103125 0.109375
2 0.18359375 0.44140625 0.10546875 0.1265625
2 0.30234375 0.5640625 0.096875 0.11953125
2 0.046875 0.56796875 0.09375 0.1140625
2 0.19453125 0.70078125 0.11328125 0.13203125
2 0.3203125 0.8375 0.1125 0.1265625
2 0.1765625 0.9234375 0.11484375 0.125
2 0.046875 0.8328125 0.09375 0.121875