0 0.50078125 0.49921875 0.9984375 0.9984375
1 0.6921875 0.06640625 0.10078125 0.11953125
1 0.9390625 0.065625 0.09921875 0.1109375
1 0.81640625 0.18671875 0.10078125 0.10390625
1 0.9484375 0.33046875 0.103125 0.1234375
1 0.6875 0.31953125 0.09921875 0.1109375
1 0.81875 0.44296875 0.109375 0.1078125
1 0.94140625 0.57421875 0.10078125 0.125
1 0.68359375 0.55625 0.10390625 0.1375
1 0.8265625 0.7109375 0.10546875 0.11796875
1 0.93671875 0.8125 0.10078125 0.121875
1 0.81875 0.940625 0.09375 0.11875
1 0.6875 0.81015625 0.1078125 0.1125