0 0.49921875 0.49765625 0.9984375 0.9953125
1 0.30859375 0.06484375 0.10078125 0.11484375
1 0.0625 0.06015625 0.125 0.1203125
1 0.18515625 0.19140625 0.10078125 0.1125
1 0.31171875 0.3265625 0.10078125 0.11640625
1 0.059375 0.32890625 0.11875 0.1140625
1 0.1828125 0.44609375 0.10625 0.11640625
1 0.32109375 0.57109375 0.1109375 0.11328125
1 0.05625 0.5796875 0.1125 0.11328125
1 0.18359375 0.6921875 0.10390625 0.11796875
1 0.31640625 0.82109375 0.10234375 0.11640625
1 0.18359375 0.93984375 0.1078125 0.1203125
1 0.05859375 0.81328125 0.1171875 0.1265625