0 0.49921875 0.49921875 0.9984375 0.9984375
1 0.31171875 0.06171875 0.0953125 0.11484375
1 0.0578125 0.065625 0.11484375 0.1109375
1 0.18828125 0.18828125 0.09765625 0.10625
1 0.3140625 0.32265625 0.10234375 0.125
1 0.05390625 0.32890625 0.1078125 0.1375
1 0.184375 0.44375 0.09375 0.10625
1 0.321875 0.56328125 0.10390625 0.1234375
1 0.05625 0.578125 0.10625 0.13359375
1 0.184375 0.7 0.1078125 0.11953125
1 0.3125 0.81875 0.1109375 0.1125
1 0.18203125 0.94375 0.1109375 0.1125
1 0.0578125 0.8109375 0.11484375 0.11953125