0 0.5 0.5 1 1
1 0.3578125 0.053125 0.10625 0.10625
1 0.10546875 0.04140625 0.1265625 0.0828125
1 0.22265625 0.15703125 0.1078125 0.115625
1 0.33359375 0.30390625 0.115625 0.134375
1 0.07421875 0.28359375 0.121875 0.1484375
1 0.1921875 0.4109375 0.1046875 0.115625
1 0.31640625 0.54453125 0.115625 0.134375
1 0.05546875 0.53125 0.1109375 0.14375
1 0.16484375 0.665625 0.1203125 0.1296875
1 0.28046875 0.79765625 0.121875 0.1234375
1 0.1375 0.9078125 0.121875 0.1234375
1 0.0453125 0.7625 0.090625 0.13125