0 0.49765625 0.4984375 0.9953125 0.996875
1 0.93828125 0.06875 0.1234375 0.1265625
1 0.9421875 0.32578125 0.11484375 0.1234375
1 0.81484375 0.43515625 0.11796875 0.11484375
1 0.94609375 0.57734375 0.10234375 0.11796875
1 0.81875 0.68984375 0.10390625 0.1125
1 0.796875 0.928125 0.10546875 0.140625
1 0.55859375 0.66796875 0.10625 0.12890625
1 0.31171875 0.7 0.11796875 0.121875
1 0.07734375 0.9296875 0.11796875 0.140625
1 0.31015625 0.4078125 0.10625 0.14453125
1 0.409375 0.0671875 0.1078125 0.1265625
1 0.071875 0.17578125 0.12109375 0.11484375