0 0.5 0.5 1 1
1 0.92890625 0.05234375 0.1140625 0.1046875
1 0.94296875 0.30625 0.1046875 0.1359375
1 0.946875 0.565625 0.10625 0.134375
1 0.81328125 0.428125 0.1234375 0.1375
1 0.82109375 0.68359375 0.1171875 0.134375
1 0.8203125 0.92109375 0.11875 0.1390625
1 0.559375 0.6703125 0.1078125 0.1296875
1 0.3234375 0.703125 0.1109375 0.15625
1 0.096875 0.93671875 0.11875 0.1265625
1 0.39609375 0.06484375 0.1234375 0.128125
1 0.05859375 0.18984375 0.1171875 0.1171875
1 0.3046875 0.41015625 0.1109375 0.1203125