0 0.49921875 0.49921875 0.9984375 0.9984375
1 0.94453125 0.0640625 0.1109375 0.109375
1 0.94921875 0.321875 0.10078125 0.13203125
1 0.946875 0.58125 0.10625 0.13046875
1 0.815625 0.4390625 0.11953125 0.13359375
1 0.81484375 0.69453125 0.1125 0.13046875
1 0.80546875 0.93203125 0.1140625 0.1359375
1 0.553125 0.67265625 0.10390625 0.1265625
1 0.31640625 0.696875 0.10625 0.15234375
1 0.0828125 0.925 0.11484375 0.125
1 0.41171875 0.06171875 0.11953125 0.1234375
1 0.06640625 0.17421875 0.12109375 0.1125
1 0.3078125 0.403125 0.10625 0.11640625