0 0.5 0.5 1 1
1 0.85234375 0.02578125 0.1296875 0.0515625
1 0.90703125 0.2390625 0.1234375 0.1484375
1 0.94453125 0.49453125 0.1109375 0.1484375
1 0.7984375 0.3796875 0.1421875 0.1546875
1 0.84609375 0.63125 0.1359375 0.15
1 0.88203125 0.865625 0.1375 0.1546875
1 0.58515625 0.659375 0.1265625 0.14375
1 0.35703125 0.728125 0.1328125 0.1703125
1 0.17109375 0.96171875 0.1359375 0.0765625
1 0.3296875 0.08671875 0.140625 0.14375
1 0.04140625 0.26328125 0.0828125 0.1328125
1 0.29296875 0.44140625 0.1265625 0.134375