0 0.5 0.5 1 1
1 0.54921875 0.0625 0.1078125 0.1203125
1 0.89921875 0.13671875 0.1390625 0.128125
1 0.678125 0.37890625 0.1296875 0.1453125
1 0.70390625 0.68984375 0.1328125 0.15625
1 0.9484375 0.88828125 0.103125 0.1390625
1 0.23671875 0.94296875 0.1234375 0.1140625
1 0.4625 0.67578125 0.128125 0.14375
1 0.1984375 0.725 0.115625 0.1171875
1 0.06171875 0.61328125 0.115625 0.121875
1 0.1734375 0.4703125 0.134375 0.1234375
1 0.046875 0.37265625 0.09375 0.1171875
1 0.04296875 0.10625 0.0859375 0.14375