0 0.5015625 0.4984375 0.996875 0.996875
1 0.5953125 0.06484375 0.096875 0.1125
1 0.93359375 0.1671875 0.121875 0.1265625
1 0.69296875 0.40078125 0.125 0.13359375
1 0.6796875 0.70625 0.11484375 0.128125
1 0.91953125 0.928125 0.14375 0.1375
1 0.19140625 0.93046875 0.1234375 0.125
1 0.44765625 0.66640625 0.128125 0.121875
1 0.17734375 0.690625 0.10234375 0.10546875
1 0.05234375 0.5734375 0.1046875 0.1125
1 0.17578125 0.44140625 0.125 0.109375
1 0.05 0.33125 0.1 0.11875
1 0.059375 0.0625 0.10234375 0.125