0 0.5 0.4984375 1 0.996875
1 0.5875 0.06875 0.09765625 0.1125
1 0.9296875 0.17265625 0.12890625 0.11796875
1 0.68828125 0.39453125 0.11796875 0.13515625
1 0.68671875 0.70703125 0.12109375 0.14609375
1 0.921875 0.92734375 0.1109375 0.13046875
1 0.19921875 0.92734375 0.11328125 0.121875
1 0.44765625 0.671875 0.11640625 0.13359375
1 0.1796875 0.69765625 0.10625 0.1078125
1 0.053125 0.575 0.10625 0.11328125
1 0.17734375 0.4421875 0.125 0.1125
1 0.05078125 0.3328125 0.1015625 0.109375
1 0.05859375 0.0671875 0.1171875 0.134375