0 0.5 0.5 1 1
1 0.625 0.078125 0.1078125 0.1203125
1 0.94296875 0.2109375 0.1140625 0.128125
1 0.696875 0.41171875 0.1296875 0.1453125
1 0.66796875 0.72265625 0.1328125 0.15625
1 0.8828125 0.94609375 0.121875 0.1078125
1 0.16328125 0.89921875 0.1234375 0.13125
1 0.4328125 0.66640625 0.128125 0.14375
1 0.1640625 0.66875 0.115625 0.1171875
1 0.053125 0.5359375 0.10625 0.121875
1 0.18359375 0.4140625 0.134375 0.1234375
1 0.0671875 0.29453125 0.1109375 0.1171875
1 0.096875 0.05078125 0.128125 0.1015625