0 0.5015625 0.49921875 0.996875 0.9984375
1 0.9390625 0.16484375 0.121875 0.1234375
1 0.59609375 0.06171875 0.10625 0.11484375
1 0.6953125 0.39765625 0.10625 0.1421875
1 0.91640625 0.92265625 0.11640625 0.13515625
1 0.69296875 0.69921875 0.121875 0.125
1 0.44765625 0.66796875 0.11953125 0.121875
1 0.20234375 0.93359375 0.1234375 0.121875
1 0.18359375 0.68984375 0.10390625 0.11484375
1 0.0515625 0.58125 0.10078125 0.1078125
1 0.184375 0.44375 0.09921875 0.11484375
1 0.05078125 0.3375 0.1015625 0.10625
1 0.0515625 0.07265625 0.103125 0.1078125