0 0.4984375 0.49921875 0.996875 0.9984375
1 0.94375 0.06640625 0.1125 0.1125
1 0.94296875 0.32265625 0.1140625 0.1328125
1 0.809375 0.43984375 0.1109375 0.1265625
1 0.94296875 0.57734375 0.1140625 0.1203125
1 0.8125 0.690625 0.121875 0.11953125
1 0.7984375 0.93515625 0.10625 0.1296875
1 0.553125 0.665625 0.12890625 0.13515625
1 0.3109375 0.6953125 0.121875 0.13515625
1 0.07734375 0.92578125 0.11484375 0.12890625
1 0.3078125 0.4015625 0.12109375 0.13203125
1 0.06328125 0.17890625 0.1234375 0.11328125
1 0.40546875 0.0640625 0.1234375 0.10234375