0 0.49921875 0.49765625 0.9984375 0.9953125
1 0.4703125 0.0546875 0.11328125 0.109375
1 0.58984375 0.2078125 0.1078125 0.10078125
1 0.415625 0.31171875 0.109375 0.13515625
1 0.5546875 0.4453125 0.109375 0.09765625
1 0.43515625 0.56796875 0.109375 0.128125
1 0.55546875 0.69375 0.1109375 0.109375
1 0.4375 0.79296875 0.10234375 0.1234375
1 0.29375 0.7015625 0.1109375 0.121875
1 0.05546875 0.8078125 0.10546875 0.12890625
1 0.1953125 0.43359375 0.10078125 0.11796875
1 0.05546875 0.31640625 0.10546875 0.121875
1 0.05703125 0.06875 0.11328125 0.1125