0 0.4984375 0.49609375 0.996875 0.9921875
1 0.46640625 0.0515625 0.1046875 0.103125
1 0.58984375 0.2078125 0.11484375 0.1234375
1 0.41640625 0.30703125 0.11640625 0.11640625
1 0.55546875 0.4390625 0.11640625 0.11328125
1 0.42890625 0.56875 0.11640625 0.1265625
1 0.55390625 0.6890625 0.09921875 0.11640625
1 0.43515625 0.80625 0.109375 0.1375
1 0.29296875 0.7 0.11328125 0.121875
1 0.05078125 0.8078125 0.1015625 0.109375
1 0.19609375 0.4390625 0.10546875 0.1078125
1 0.059375 0.3203125 0.11328125 0.109375
1 0.05625 0.0703125 0.1125 0.1125