0 0.4984375 0.496875 0.996875 0.99375
1 0.46875 0.05 0.096875 0.1
1 0.59375 0.20703125 0.09921875 0.1109375
1 0.41796875 0.31171875 0.11953125 0.10078125
1 0.55859375 0.4375 0.11953125 0.121875
1 0.43671875 0.57265625 0.10625 0.1078125
1 0.5578125 0.69140625 0.10625 0.1109375
1 0.43671875 0.79921875 0.10625 0.11484375
1 0.29296875 0.69609375 0.09921875 0.11953125
1 0.05703125 0.8140625 0.11328125 0.11328125
1 0.1953125 0.43984375 0.1125 0.12890625
1 0.0546875 0.3125 0.109375 0.11640625
1 0.05390625 0.059375 0.1078125 0.11875