0 0.5 0.5 1 1
1 0.55546875 0.0609375 0.1328125 0.121875
1 0.64375 0.23046875 0.125 0.11875
1 0.453125 0.29921875 0.1328125 0.153125
1 0.5640625 0.45703125 0.1265625 0.1171875
1 0.4234375 0.5546875 0.13125 0.146875
1 0.5171875 0.70078125 0.1296875 0.128125
1 0.3828125 0.77578125 0.1234375 0.140625
1 0.259375 0.65859375 0.1328125 0.140625
1 0.034375 0.7171875 0.06875 0.146875
1 0.21328125 0.3765625 0.121875 0.134375
1 0.0984375 0.23515625 0.1265625 0.1390625
1 0.14765625 0.02890625 0.1328125 0.0578125