0 0.5 0.5 1 1
1 0.50078125 0.05625 0.1203125 0.1125
1 0.61015625 0.21484375 0.1140625 0.1078125
1 0.42890625 0.30625 0.11875 0.1421875
1 0.55859375 0.44921875 0.115625 0.1046875
1 0.43046875 0.56328125 0.11875 0.1359375
1 0.5421875 0.696875 0.11875 0.1171875
1 0.4171875 0.78828125 0.1109375 0.1296875
1 0.28046875 0.68671875 0.11875 0.1296875
1 0.04609375 0.77578125 0.0921875 0.1359375
1 0.20078125 0.4125 0.109375 0.125
1 0.06953125 0.2859375 0.1140625 0.1296875
1 0.08828125 0.04921875 0.1203125 0.0984375