0 0.49765625 0.5 0.9953125 1
2 0.69609375 0.1921875 0.10234375 0.11484375
2 0.31015625 0.06640625 0.12890625 0.11953125
2 0.05390625 0.3078125 0.1078125 0.12890625
2 0.553125 0.3140625 0.1125 0.11328125
2 0.6859375 0.4359375 0.10234375 0.11640625
2 0.43046875 0.4375 0.11640625 0.121875
2 0.93515625 0.69296875 0.11796875 0.11640625
2 0.6765625 0.7046875 0.10625 0.11953125
2 0.4296875 0.9421875 0.1125 0.11484375
2 0.440625 0.69921875 0.121875 0.125
2 0.18515625 0.6890625 0.12890625 0.1109375
2 0.18515625 0.93515625 0.1203125 0.1296875