0 0.4984375 0.49921875 0.996875 0.9984375
2 0.30859375 0.06640625 0.11328125 0.1234375
2 0.0515625 0.3140625 0.103125 0.1125
2 0.69140625 0.19375 0.11796875 0.11484375
2 0.5546875 0.30234375 0.10390625 0.11640625
2 0.42734375 0.434375 0.11640625 0.11953125
2 0.690625 0.43515625 0.11328125 0.1125
2 0.93984375 0.68828125 0.09765625 0.11484375
2 0.678125 0.71171875 0.1125 0.09921875
2 0.43359375 0.69921875 0.11796875 0.11796875
2 0.428125 0.93515625 0.125 0.1296875
2 0.1796875 0.94375 0.12890625 0.1125
2 0.18671875 0.6875 0.1265625 0.11953125