0 0.5 0.5 1 1
1 0.03125 0.13515625 0.0625 0.0890625
1 0.25 0.11015625 0.0859375 0.0828125
1 0.16640625 0.246875 0.0953125 0.0890625
1 0.059375 0.38671875 0.0859375 0.0890625
1 0.34609375 0.5890625 0.1109375 0.0984375
1 0.56640625 0.56015625 0.0796875 0.078125
1 0.69921875 0.6453125 0.096875 0.0796875
1 0.6734375 0.4203125 0.0859375 0.0828125
1 0.78046875 0.29375 0.10625 0.096875
1 0.91953125 0.3890625 0.1078125 0.1140625
1 0.971875 0.8640625 0.05625 0.103125
1 0.746875 0.88515625 0.090625 0.090625
2 0.51640625 0.06953125 0.096875 0.0921875
2 0.89296875 0.1578125 0.10625 0.1046875
2 0.41171875 0.2171875 0.0953125 0.0953125
2 0.30078125 0.3515625 0.0859375 0.0796875
2 0.09921875 0.62265625 0.1 0.0984375
2 0.23203125 0.72734375 0.0953125 0.0984375
2 0.4421875 0.45 0.1 0.0921875
2 0.48046875 0.6859375 0.090625 0.0890625
2 0.81328125 0.53125 0.0796875 0.0796875
2 0.940625 0.63046875 0.1078125 0.0984375
2 0.8296875 0.7578125 0.096875 0.090625
2 0.5140625 0.93203125 0.0890625 0.090625