0 0.50234375 0.5015625 0.9484375 0.996875
2 0.19453125 0.66953125 0.08359375 0.0859375
2 0.07265625 0.7875 0.08359375 0.090625
2 0.19921875 0.91171875 0.0625 0.0734375
2 0.32265625 0.80078125 0.08203125 0.078125
2 0.43828125 0.67421875 0.0734375 0.08515625
2 0.5515625 0.80234375 0.07890625 0.071875
2 0.4265625 0.92265625 0.0859375 0.08359375
2 0.67890625 0.6875 0.0734375 0.07890625
2 0.7921875 0.81171875 0.0703125 0.0703125
2 0.92421875 0.70546875 0.075 0.090625
2 0.66484375 0.9265625 0.06796875 0.0765625
2 0.91328125 0.95234375 0.08515625 0.078125