0 0.5 0.5 1 1
1 0.08828125 0.0578125 0.08125 0.08125
1 0.321875 0.07265625 0.0796875 0.0765625
1 0.21484375 0.19296875 0.0890625 0.08125
1 0.0859375 0.31171875 0.078125 0.08125
1 0.3328125 0.5609375 0.1015625 0.0890625
1 0.5546875 0.5703125 0.0734375 0.071875
1 0.67109375 0.678125 0.0890625 0.0703125
1 0.684375 0.4515625 0.0796875 0.0765625
1 0.81171875 0.3453125 0.0984375 0.0875
1 0.9328125 0.46328125 0.0984375 0.1046875
1 0.921875 0.94453125 0.0890625 0.0953125
1 0.67578125 0.921875 0.0828125 0.0828125
2 0.59140625 0.07890625 0.0890625 0.0828125
2 0.94609375 0.23125 0.0984375 0.0953125
2 0.46171875 0.20625 0.0859375 0.0875
2 0.3296875 0.31875 0.0796875 0.0734375
2 0.08359375 0.55078125 0.0921875 0.090625
2 0.196875 0.67734375 0.0859375 0.090625
2 0.45234375 0.440625 0.0921875 0.0828125
2 0.4484375 0.6796875 0.0828125 0.08125
2 0.803125 0.58515625 0.0734375 0.0734375
2 0.9109375 0.70546875 0.0984375 0.0890625
2 0.7796875 0.81171875 0.090625 0.08125
2 0.4390625 0.928125 0.08125 0.0828125