0 0.50234375 0.5015625 0.97265625 0.9859375
2 0.56875 0.07890625 0.0734375 0.0875
1 0.9359375 0.2109375 0.07890625 0.0703125
1 0.32578125 0.325 0.0890625 0.08203125
1 0.44921875 0.44140625 0.078125 0.0703125
2 0.20546875 0.4484375 0.0921875 0.0765625
2 0.56875 0.33359375 0.078125 0.09609375
2 0.79453125 0.33125 0.06796875 0.0703125
2 0.684375 0.4453125 0.0765625 0.08203125
2 0.56171875 0.7953125 0.07890625 0.08046875
2 0.8046875 0.79921875 0.08203125 0.0734375
2 0.684375 0.92109375 0.0765625 0.0859375
1 0.21953125 0.68515625 0.0859375 0.08359375
1 0.3359375 0.8 0.08046875 0.0921875
1 0.45390625 0.6921875 0.0734375 0.071875
1 0.56484375 0.5671875 0.06953125 0.06796875
1 0.8046875 0.55625 0.0875 0.08046875