0 0.4953125 0.50234375 0.965625 0.9703125
2 0.5734375 0.0734375 0.075 0.0765625
2 0.44921875 0.20859375 0.0859375 0.078125
2 0.325 0.31796875 0.08203125 0.0875
2 0.08359375 0.5625 0.08203125 0.0765625
2 0.203125 0.68125 0.08359375 0.08046875
2 0.44921875 0.44140625 0.0859375 0.08515625
2 0.93125 0.21640625 0.1 0.08515625
2 0.8 0.56875 0.07890625 0.08359375
2 0.91953125 0.68828125 0.0890625 0.0875
2 0.7875 0.796875 0.07890625 0.06953125
2 0.45 0.921875 0.0703125 0.0703125
2 0.4546875 0.68203125 0.08359375 0.08046875
1 0.08046875 0.071875 0.08515625 0.08515625
1 0.3078125 0.07890625 0.078125 0.0734375
1 0.21015625 0.203125 0.09765625 0.071875
1 0.08203125 0.3234375 0.08203125 0.0890625
1 0.33125 0.56171875 0.08203125 0.08359375
1 0.56328125 0.5640625 0.08359375 0.08515625
1 0.68515625 0.6734375 0.0859375 0.08203125
1 0.68515625 0.91171875 0.0921875 0.0859375
1 0.9328125 0.928125 0.0921875 0.0859375
1 0.6796875 0.4421875 0.08359375 0.08359375
1 0.80078125 0.33046875 0.0859375 0.0921875
1 0.92265625 0.43984375 0.0890625 0.0875