0 0.50234375 0.50234375 0.95625 0.984375
2 0.80859375 0.10078125 0.06796875 0.0921875
2 0.453125 0.20625 0.0859375 0.08203125
1 0.33125 0.32265625 0.071875 0.090625
1 0.80546875 0.33203125 0.06953125 0.06796875
2 0.6890625 0.21171875 0.075 0.078125
1 0.93203125 0.4546875 0.07890625 0.071875
1 0.68828125 0.44609375 0.078125 0.08359375
1 0.79765625 0.56171875 0.07890625 0.071875
1 0.56171875 0.56015625 0.078125 0.07890625
1 0.078125 0.77890625 0.0859375 0.08203125
1 0.9125 0.93046875 0.0890625 0.08203125
1 0.20703125 0.90703125 0.078125 0.0859375
2 0.3234375 0.559375 0.075 0.06953125
2 0.45 0.6796875 0.078125 0.078125
2 0.68359375 0.69296875 0.078125 0.08515625
2 0.9265625 0.66796875 0.075 0.071875
2 0.55625 0.7921875 0.075 0.075
2 0.43828125 0.92109375 0.08203125 0.08046875
2 0.67578125 0.9234375 0.09296875 0.0765625
1 0.20546875 0.67578125 0.08359375 0.08203125