0 0.50234375 0.50390625 0.9921875 0.9875
2 0.19765625 0.68125 0.0828125 0.084375
2 0.07890625 0.7953125 0.09375 0.0859375
2 0.20625 0.9109375 0.078125 0.0875
2 0.3265625 0.8015625 0.0921875 0.0984375
2 0.43984375 0.68125 0.075 0.0703125
2 0.55859375 0.8 0.08125 0.09375
2 0.43828125 0.92421875 0.0828125 0.0828125
2 0.6796875 0.68671875 0.0921875 0.0828125
2 0.79609375 0.80546875 0.0921875 0.0859375
2 0.67265625 0.92109375 0.0734375 0.0796875
2 0.925 0.69921875 0.09375 0.0875
2 0.9203125 0.94921875 0.09375 0.09375