0 0.4953125 0.50234375 0.9828125 0.9875
2 0.565625 0.071875 0.0765625 0.078125
2 0.44453125 0.209375 0.0875 0.0796875
2 0.321875 0.32109375 0.0828125 0.0890625
2 0.084375 0.56953125 0.0828125 0.078125
2 0.20625 0.68671875 0.084375 0.08125
2 0.4484375 0.4421875 0.0875 0.0859375
2 0.9265625 0.20859375 0.1015625 0.0875
2 0.80078125 0.56328125 0.0796875 0.084375
2 0.92265625 0.68125 0.090625 0.0890625
2 0.79296875 0.7921875 0.0796875 0.0703125
2 0.45703125 0.92265625 0.071875 0.071875
2 0.4578125 0.6828125 0.084375 0.08125
1 0.0734375 0.07890625 0.0859375 0.0859375
1 0.30078125 0.08203125 0.0796875 0.075
1 0.2046875 0.20859375 0.0984375 0.0734375
1 0.07890625 0.33046875 0.0828125 0.090625
1 0.33203125 0.56484375 0.0828125 0.084375
1 0.5640625 0.56328125 0.084375 0.0859375
1 0.68828125 0.6703125 0.0875 0.0828125
1 0.6921875 0.90859375 0.09375 0.0875
1 0.93984375 0.9203125 0.09375 0.0875
1 0.67890625 0.4390625 0.084375 0.084375
1 0.79765625 0.325 0.0875 0.09375
1 0.921875 0.4328125 0.090625 0.0890625