0 0.5 0.5 1 1
1 0.734375 0.25234375 0.084375 0.08125
2 0.5078125 0.21328125 0.0984375 0.0953125
1 0.3671875 0.30234375 0.0921875 0.08125
1 0.45546875 0.43125 0.0875 0.090625
1 0.54609375 0.578125 0.0890625 0.090625
2 0.93359375 0.540625 0.09375 0.090625
1 0.7828125 0.6234375 0.0734375 0.078125
1 0.88046875 0.76171875 0.10625 0.096875
2 0.31015625 0.5140625 0.0875 0.0828125
2 0.27421875 0.76171875 0.09375 0.096875
2 0.50078125 0.8140625 0.090625 0.0953125
2 0.73828125 0.86953125 0.0953125 0.0984375