0 0.5 0.5 1 1
2 0.61953125 0.090625 0.0828125 0.0953125
1 0.96171875 0.26640625 0.0765625 0.0796875
1 0.3484375 0.3046875 0.0984375 0.0921875
1 0.45703125 0.4359375 0.0859375 0.0796875
2 0.2140625 0.41328125 0.1015625 0.0875
2 0.58828125 0.34296875 0.0890625 0.1046875
2 0.81328125 0.36875 0.0765625 0.078125
2 0.68984375 0.46796875 0.0859375 0.090625
2 0.525 0.80078125 0.0875 0.0890625
2 0.765625 0.834375 0.090625 0.0828125
2 0.63203125 0.940625 0.0859375 0.0953125
1 0.19921875 0.64921875 0.0953125 0.09375
1 0.30078125 0.778125 0.090625 0.1015625
1 0.43046875 0.68515625 0.08125 0.0796875
1 0.55625 0.57421875 0.0765625 0.0765625
1 0.7953125 0.59296875 0.096875 0.090625