0 0.5 0.5 1 1
1 0.1890625 0.0140625 0.09375 0.028125
1 0.41640625 0.04296875 0.0828125 0.084375
1 0.2796875 0.13828125 0.1015625 0.103125
1 0.1375 0.2296875 0.1015625 0.09375
2 0.97109375 0.3328125 0.0578125 0.10625
1 0.834375 0.41640625 0.1078125 0.1078125
1 0.93046875 0.553125 0.1109375 0.1046875
2 0.86640625 0.78515625 0.096875 0.0953125
1 0.8203125 0.984375 0.109375 0.03125
2 0.7796875 0.64453125 0.0953125 0.096875
2 0.71015625 0.8640625 0.0953125 0.090625
1 0.69296875 0.49375 0.0921875 0.096875
1 0.625 0.71015625 0.09375 0.0984375
1 0.58359375 0.94453125 0.109375 0.1
1 0.54296875 0.578125 0.0953125 0.0984375
2 0.4953125 0.8125 0.0890625 0.0890625
2 0.4578125 0.4359375 0.0921875 0.096875
2 0.409375 0.66953125 0.090625 0.090625
2 0.3484375 0.89609375 0.1015625 0.1015625
2 0.2625 0.75390625 0.0875 0.0953125
2 0.1671875 0.61015625 0.09375 0.090625
2 0.11328125 0.84375 0.103125 0.1046875
2 0.034375 0.69453125 0.06875 0.1015625
1 0.321875 0.52421875 0.0921875 0.090625