0 0.5 0.5 1 0.978125
1 0.075 0.075 0.103125 0.0828125
1 0.3140625 0.0734375 0.0796875 0.071875
1 0.209375 0.20390625 0.0796875 0.071875
1 0.0765625 0.32578125 0.0828125 0.0671875
2 0.93828125 0.21875 0.09375 0.075
1 0.934375 0.45078125 0.0875 0.0859375
2 0.92265625 0.68828125 0.0796875 0.0875
1 0.93828125 0.93671875 0.0828125 0.078125
1 0.8078125 0.3359375 0.0875 0.09375
2 0.80703125 0.5703125 0.0859375 0.084375
2 0.7953125 0.80546875 0.0875 0.090625
1 0.68671875 0.44609375 0.071875 0.08125
1 0.68203125 0.6765625 0.0703125 0.0796875
1 0.6921875 0.91015625 0.08125 0.0765625
1 0.5609375 0.56953125 0.078125 0.078125
1 0.3359375 0.56796875 0.08125 0.078125
2 0.44375 0.44453125 0.0796875 0.0828125
2 0.45703125 0.6875 0.09375 0.10625
2 0.559375 0.80078125 0.09375 0.0875
2 0.45390625 0.9265625 0.0796875 0.09375
2 0.33046875 0.80390625 0.1 0.0921875
2 0.20859375 0.68671875 0.084375 0.0859375
2 0.08125 0.8140625 0.08125 0.0796875
2 0.21328125 0.93046875 0.0828125 0.09375