0 0.4984375 0.5 0.990625 1
1 0.2234375 0.690625 0.0859375 0.078125
2 0.21171875 0.45859375 0.0875 0.0765625
1 0.34140625 0.8015625 0.08125 0.0796875
1 0.31875 0.32890625 0.075 0.0703125
2 0.55390625 0.07578125 0.0828125 0.0828125
1 0.4375 0.44375 0.0703125 0.08125
1 0.45625 0.6875 0.08125 0.0953125
2 0.571875 0.78984375 0.071875 0.0796875
1 0.559375 0.56796875 0.0796875 0.08125
2 0.5578125 0.33046875 0.0703125 0.071875
2 0.67734375 0.43515625 0.0828125 0.0765625
2 0.69375 0.9125 0.0765625 0.0859375
2 0.8078125 0.78125 0.090625 0.0859375
1 0.7953125 0.55 0.065625 0.0703125
2 0.7859375 0.3171875 0.0859375 0.078125
1 0.9140625 0.196875 0.0890625 0.0921875