0 0.49453125 0.49921875 0.965625 0.98984375
1 0.6875 0.215625 0.0734375 0.06953125
2 0.4578125 0.21640625 0.0859375 0.08203125
1 0.33515625 0.328125 0.08203125 0.06796875
1 0.44453125 0.43984375 0.075 0.07890625
1 0.55859375 0.56875 0.0765625 0.07890625
2 0.934375 0.46484375 0.08203125 0.078125
1 0.8 0.57265625 0.06328125 0.06796875
1 0.9203125 0.69140625 0.09296875 0.08203125
2 0.315625 0.546875 0.0765625 0.0703125
2 0.3234375 0.796875 0.08046875 0.08359375
2 0.55546875 0.809375 0.0765625 0.08359375
2 0.79921875 0.82265625 0.08203125 0.08515625