0 0.50625 0.50546875 0.978125 0.96875
1 0.08203125 0.071875 0.08125 0.078125
1 0.3140625 0.08046875 0.078125 0.06875
1 0.20703125 0.2046875 0.096875 0.084375
1 0.08203125 0.325 0.08125 0.08125
2 0.9359375 0.2140625 0.0875 0.09375
1 0.79765625 0.3328125 0.0875 0.084375
1 0.92578125 0.43984375 0.0859375 0.0734375
1 0.6859375 0.4421875 0.08125 0.1
2 0.44609375 0.44296875 0.0921875 0.08125
2 0.8 0.57109375 0.084375 0.078125
2 0.9171875 0.68671875 0.075 0.08125
1 0.93203125 0.9265625 0.096875 0.1015625
2 0.78671875 0.79453125 0.06875 0.0734375
1 0.67578125 0.6703125 0.08125 0.090625
1 0.6890625 0.90390625 0.071875 0.0765625
2 0.56796875 0.79296875 0.0859375 0.078125
1 0.5609375 0.56953125 0.071875 0.0765625
2 0.45 0.684375 0.071875 0.08125
2 0.45703125 0.9125 0.090625 0.1
2 0.32890625 0.8 0.0890625 0.08125
2 0.19765625 0.68046875 0.0734375 0.0765625
2 0.20625 0.9203125 0.1 0.09375
2 0.08203125 0.80390625 0.1015625 0.096875
1 0.33203125 0.56484375 0.065625 0.065625