0 0.49453125 0.50390625 0.98671875 0.96875
1 0.67734375 0.21015625 0.07890625 0.08046875
2 0.43671875 0.21875 0.0875 0.08046875
1 0.3234375 0.3375 0.078125 0.075
1 0.43515625 0.44453125 0.0703125 0.08046875
1 0.56484375 0.57265625 0.06953125 0.0734375
1 0.79921875 0.56328125 0.0734375 0.078125
1 0.9171875 0.68125 0.078125 0.0734375
2 0.3140625 0.55859375 0.09296875 0.0765625
2 0.92421875 0.44765625 0.0859375 0.071875
2 0.32421875 0.81484375 0.0859375 0.0921875
2 0.56796875 0.8203125 0.08046875 0.07890625
2 0.81015625 0.81484375 0.0765625 0.08359375