0 0.5 0.5 1 1
1 0.03125 0.13515625 0.0625 0.0921875
1 0.25078125 0.1078125 0.078125 0.0796875
1 0.16015625 0.246875 0.096875 0.0984375
1 0.0625 0.38515625 0.096875 0.0890625
2 0.89609375 0.16015625 0.0984375 0.1015625
1 0.77890625 0.296875 0.103125 0.1015625
1 0.91875 0.3875 0.10625 0.1
2 0.94609375 0.62734375 0.0921875 0.090625
1 0.9703125 0.86328125 0.059375 0.0984375
2 0.8140625 0.5296875 0.090625 0.09375
2 0.83125 0.759375 0.090625 0.0859375
1 0.6765625 0.421875 0.0875 0.0921875
1 0.69453125 0.64765625 0.0890625 0.0953125
1 0.74375 0.88046875 0.1046875 0.09375
1 0.56875 0.55625 0.090625 0.0953125
2 0.6125 0.79140625 0.084375 0.0859375
2 0.43671875 0.45625 0.0875 0.0921875
2 0.4796875 0.690625 0.0859375 0.0859375
2 0.5078125 0.92421875 0.096875 0.096875
2 0.375 0.82421875 0.0828125 0.090625
2 0.2328125 0.7265625 0.0890625 0.0859375
2 0.26953125 0.95625 0.0984375 0.0875
2 0.125 0.86171875 0.1 0.096875
1 0.34375 0.5890625 0.0875 0.0859375