0 0.5 0.5 1 1
2 0.83515625 0.11328125 0.103125 0.10625
2 0.4765625 0.20390625 0.0796875 0.0859375
2 0.7109375 0.22421875 0.0875 0.0734375
1 0.33984375 0.31015625 0.0875 0.0859375
1 0.82109375 0.353125 0.084375 0.0921875
1 0.69921875 0.46171875 0.0796875 0.078125
1 0.94140625 0.48671875 0.10625 0.084375
1 0.19140625 0.665625 0.08125 0.084375
1 0.0640625 0.7671875 0.0921875 0.0875
1 0.19140625 0.9015625 0.084375 0.096875
1 0.8953125 0.959375 0.0828125 0.0796875
1 0.5609375 0.57265625 0.0859375 0.0859375
1 0.79296875 0.578125 0.090625 0.084375
2 0.325 0.55078125 0.0796875 0.084375
2 0.44453125 0.67890625 0.0875 0.0921875
2 0.9234375 0.68984375 0.078125 0.078125
2 0.67109375 0.70078125 0.1 0.096875
2 0.54453125 0.796875 0.084375 0.090625
2 0.41796875 0.92109375 0.0828125 0.071875
2 0.65859375 0.934375 0.0765625 0.0828125