0 0.49609375 0.5 0.97578125 0.9859375
2 0.07421875 0.078125 0.08046875 0.0875
2 0.56875 0.0921875 0.0734375 0.08203125
2 0.08125 0.5484375 0.08046875 0.0734375
2 0.44375 0.43984375 0.0703125 0.0765625
2 0.6828125 0.45234375 0.07890625 0.08515625
2 0.92578125 0.440625 0.0921875 0.078125
2 0.55625 0.5609375 0.0921875 0.078125
2 0.81171875 0.56328125 0.0765625 0.08046875
2 0.92421875 0.690625 0.0859375 0.075
2 0.6828125 0.6859375 0.0734375 0.0703125
2 0.56796875 0.8 0.08046875 0.08515625
2 0.43984375 0.93828125 0.07890625 0.08359375