0 0.5015625 0.50390625 0.9515625 0.99140625
2 0.20078125 0.678125 0.06796875 0.071875
2 0.44140625 0.678125 0.07890625 0.0921875
2 0.68671875 0.6875 0.075 0.07890625
2 0.9265625 0.7 0.0734375 0.0625
2 0.07890625 0.79765625 0.08203125 0.0734375
2 0.328125 0.8046875 0.0734375 0.07890625
2 0.5578125 0.8046875 0.08046875 0.0765625
2 0.796875 0.809375 0.078125 0.078125
2 0.9171875 0.94453125 0.0890625 0.0734375
2 0.67578125 0.925 0.06484375 0.08203125
2 0.4359375 0.9265625 0.0859375 0.0765625
2 0.203125 0.9140625 0.0890625 0.08046875