0 0.5 0.5 1 1
2 0.61484375 0.084375 0.071875 0.0796875
2 0.959375 0.25859375 0.08125 0.0921875
2 0.4765625 0.203125 0.084375 0.0796875
2 0.3390625 0.30546875 0.090625 0.0796875
2 0.075 0.525 0.0859375 0.090625
2 0.45703125 0.43671875 0.0859375 0.0765625
2 0.19296875 0.659375 0.09375 0.084375
2 0.4375 0.68046875 0.0984375 0.0796875
2 0.79765625 0.59921875 0.0859375 0.0796875
2 0.90546875 0.73125 0.0921875 0.075
2 0.7640625 0.81875 0.0859375 0.0859375
2 0.40703125 0.9171875 0.0859375 0.0921875
1 0.1078125 0.03984375 0.090625 0.0796875
1 0.34453125 0.0578125 0.0859375 0.071875
1 0.23671875 0.18046875 0.0875 0.090625
1 0.0953125 0.2875 0.090625 0.084375
1 0.32734375 0.54765625 0.090625 0.08125
1 0.815625 0.35859375 0.0953125 0.0859375
1 0.93125 0.48046875 0.0921875 0.078125
1 0.6859375 0.459375 0.0875 0.0859375
1 0.55546875 0.5734375 0.0921875 0.09375
1 0.6609375 0.6875 0.08125 0.0859375
1 0.65546875 0.92578125 0.084375 0.0828125
1 0.8953125 0.95859375 0.10625 0.0828125