0 0.5 0.5 1 1
2 0.2484375 0.740625 0.0828125 0.0859375
2 0.4828125 0.68671875 0.096875 0.1078125
2 0.72421875 0.640625 0.090625 0.09375
2 0.95859375 0.5984375 0.0828125 0.078125
2 0.15703125 0.884375 0.096875 0.090625
2 0.40078125 0.83515625 0.0890625 0.09375
2 0.625 0.78359375 0.0953125 0.0921875
2 0.85859375 0.734375 0.09375 0.09375
2 0.97734375 0.83828125 0.0453125 0.0921875
2 0.7671875 0.87421875 0.08125 0.09375
2 0.53359375 0.9296875 0.1015625 0.09375
2 0.30390625 0.96015625 0.1046875 0.0796875