0 0.5015625 0.49765625 0.965625 0.9953125
1 0.32890625 0.31875 0.078125 0.0859375
1 0.446875 0.440625 0.06484375 0.075
1 0.5671875 0.565625 0.06484375 0.06796875
1 0.934375 0.2140625 0.08203125 0.075
1 0.803125 0.56796875 0.090625 0.08359375
2 0.675 0.925 0.08046875 0.09609375
2 0.7984375 0.80859375 0.0921875 0.08515625
2 0.55390625 0.8046875 0.071875 0.0734375
1 0.4484375 0.68828125 0.06484375 0.078125
2 0.21015625 0.446875 0.08359375 0.0734375
2 0.56875 0.3375 0.08515625 0.0859375
2 0.5828125 0.078125 0.0703125 0.08515625
2 0.8046875 0.3359375 0.0765625 0.08046875
2 0.6890625 0.44296875 0.08046875 0.0703125
1 0.20859375 0.68359375 0.071875 0.071875
1 0.31640625 0.8 0.0921875 0.08359375