0 0.5 0.5 1 1
2 0.2375 0.7359375 0.0953125 0.096875
2 0.14296875 0.8703125 0.1046875 0.0984375
2 0.2890625 0.9546875 0.090625 0.090625
2 0.3875 0.82890625 0.10625 0.1109375
2 0.47578125 0.6890625 0.084375 0.08125
2 0.61484375 0.78359375 0.09375 0.1046875
2 0.5203125 0.928125 0.0953125 0.0953125
2 0.71171875 0.64921875 0.103125 0.0953125
2 0.84921875 0.74296875 0.103125 0.0984375
2 0.74921875 0.88046875 0.084375 0.090625
2 0.95078125 0.6140625 0.0984375 0.1
2 0.97265625 0.8609375 0.0546875 0.10625