0 0.496875 0.49765625 0.98828125 0.96171875
2 0.8 0.0859375 0.09453125 0.09765625
2 0.45078125 0.20703125 0.0734375 0.08046875
2 0.6859375 0.20703125 0.08203125 0.06640625
1 0.32421875 0.325 0.08046875 0.07890625
1 0.80703125 0.32578125 0.0765625 0.0859375
1 0.6953125 0.44453125 0.0734375 0.071875
1 0.93828125 0.4484375 0.1 0.0765625
1 0.20703125 0.6921875 0.075 0.078125
1 0.0890625 0.80390625 0.08515625 0.08046875
1 0.22734375 0.9265625 0.0765625 0.090625
1 0.93359375 0.9234375 0.0765625 0.0734375
1 0.5671875 0.5671875 0.07890625 0.07890625
1 0.7984375 0.55234375 0.08359375 0.078125
2 0.3296875 0.565625 0.0734375 0.07890625
2 0.46015625 0.6828125 0.08046875 0.08515625
2 0.93828125 0.65234375 0.071875 0.071875
2 0.68828125 0.68515625 0.0921875 0.0890625
2 0.5703125 0.7921875 0.078125 0.08359375
2 0.4546875 0.9265625 0.078125 0.06484375
2 0.69609375 0.91875 0.06953125 0.0765625