0 0.5 0.5 1 1
2 0.490625 0.0671875 0.0875 0.0890625
2 0.39453125 0.2234375 0.1 0.09375
2 0.29375 0.3546875 0.096875 0.1015625
2 0.103125 0.640625 0.0953125 0.090625
2 0.24296875 0.734375 0.096875 0.0953125
2 0.4390625 0.45234375 0.1 0.1
2 0.86953125 0.1390625 0.1140625 0.103125
2 0.8078125 0.51015625 0.09375 0.096875
2 0.94765625 0.6046875 0.1046875 0.103125
2 0.8390625 0.73671875 0.090625 0.0828125
2 0.53125 0.9234375 0.0828125 0.0828125
2 0.490625 0.6875 0.096875 0.0953125
1 0.028125 0.159375 0.05625 0.1
1 0.23125 0.1234375 0.090625 0.0875
1 0.15859375 0.2640625 0.109375 0.0890625
1 0.05625 0.40625 0.096875 0.103125
1 0.34609375 0.59296875 0.096875 0.0984375
1 0.57421875 0.55078125 0.0984375 0.1
1 0.71484375 0.63515625 0.1 0.096875
1 0.76015625 0.86875 0.10625 0.1015625
1 0.9765625 0.83671875 0.046875 0.1015625
1 0.665625 0.40859375 0.0984375 0.0984375
1 0.76328125 0.2765625 0.1015625 0.10625
1 0.903125 0.36015625 0.1046875 0.103125