0 0.5 0.5 1 1
1 0.0203125 0.18046875 0.040625 0.0984375
1 0.15 0.28046875 0.1078125 0.103125
1 0.05390625 0.4171875 0.0984375 0.090625
1 0.2421875 0.13515625 0.0921875 0.0921875
1 0.3859375 0.2328125 0.0921875 0.0921875
1 0.29453125 0.375 0.0859375 0.0890625
1 0.4828125 0.0796875 0.09375 0.09375
1 0.6203125 0.18359375 0.0921875 0.084375
1 0.52265625 0.325 0.0796875 0.078125
1 0.70859375 0.0359375 0.0859375 0.071875
1 0.8546875 0.1296875 0.0890625 0.0890625
1 0.759375 0.2703125 0.0859375 0.090625