0 0.5 0.5 1 1
1 0.2140625 0.4078125 0.0859375 0.0796875
1 0.45078125 0.43515625 0.0796875 0.0765625
1 0.821875 0.35859375 0.0828125 0.078125
2 0.58984375 0.33515625 0.0859375 0.0921875
2 0.69140625 0.4796875 0.103125 0.09375
1 0.79140625 0.59765625 0.09375 0.1046875
1 0.55390625 0.5671875 0.084375 0.090625
2 0.32578125 0.54765625 0.1 0.1
2 0.43203125 0.66875 0.0796875 0.090625
2 0.29453125 0.7765625 0.0875 0.0875
2 0.66015625 0.70859375 0.0921875 0.0921875
1 0.76953125 0.8390625 0.1015625 0.1046875