0 0.5 0.50078125 1 0.9984375
1 0.20234375 0.459375 0.08125 0.075
1 0.43984375 0.44453125 0.075 0.071875
1 0.7921875 0.3046875 0.078125 0.0734375
2 0.559375 0.32265625 0.08125 0.0875
2 0.68515625 0.446875 0.096875 0.0890625
1 0.80390625 0.54609375 0.0890625 0.0984375
1 0.56484375 0.55703125 0.0796875 0.0859375
2 0.33671875 0.57734375 0.09375 0.09375
2 0.4625 0.678125 0.0734375 0.0859375
2 0.3453125 0.8078125 0.0828125 0.0828125
2 0.69375 0.67734375 0.0859375 0.0859375
1 0.82421875 0.7875 0.0953125 0.0984375