0 0.5 0.49453125 0.97734375 0.98125
2 0.578125 0.07578125 0.06484375 0.075
2 0.940625 0.21953125 0.08203125 0.08515625
2 0.45078125 0.20625 0.07890625 0.0734375
2 0.32265625 0.3203125 0.08515625 0.071875
2 0.07890625 0.56171875 0.07890625 0.08359375
2 0.4515625 0.440625 0.08046875 0.06953125
2 0.2078125 0.6859375 0.0875 0.0765625
2 0.453125 0.68515625 0.0921875 0.071875
2 0.80546875 0.57265625 0.08046875 0.0734375
2 0.92421875 0.6953125 0.0859375 0.06796875
2 0.790625 0.79453125 0.07890625 0.07890625
2 0.44375 0.9234375 0.07890625 0.08515625
1 0.06875 0.0703125 0.08359375 0.08359375
1 0.30625 0.0734375 0.08046875 0.06484375
1 0.21015625 0.2046875 0.08046875 0.08359375
1 0.078125 0.3234375 0.08359375 0.078125
1 0.33203125 0.5625 0.08515625 0.0734375
1 0.80234375 0.33125 0.0890625 0.078125
1 0.928125 0.44296875 0.0859375 0.0703125
1 0.68203125 0.44296875 0.08046875 0.07890625
1 0.56171875 0.56796875 0.08515625 0.0859375
1 0.6765625 0.67265625 0.075 0.08046875
1 0.6921875 0.9109375 0.078125 0.0765625
1 0.93515625 0.928125 0.1 0.08359375