0 0.48828125 0.503125 0.9765625 0.95
1 0.0609375 0.08984375 0.0875 0.08359375
1 0.1984375 0.21796875 0.0921875 0.0875
1 0.078125 0.33359375 0.08515625 0.0765625
1 0.31640625 0.09296875 0.078125 0.078125
1 0.4390625 0.215625 0.078125 0.078125
1 0.321875 0.33828125 0.071875 0.0765625
1 0.56328125 0.084375 0.08046875 0.08046875
1 0.678125 0.2125 0.08046875 0.0703125
1 0.55546875 0.3328125 0.06796875 0.06640625
1 0.7953125 0.07421875 0.071875 0.08046875
1 0.91875 0.20390625 0.0765625 0.0765625
1 0.7984375 0.32421875 0.071875 0.078125