0 0.5 0.50078125 1 0.9984375
1 0.0828125 0.0671875 0.0921875 0.0875
1 0.21328125 0.20234375 0.096875 0.0921875
1 0.0875 0.31171875 0.0890625 0.08125
1 0.33828125 0.08359375 0.0828125 0.0828125
1 0.45390625 0.2125 0.0828125 0.0828125
1 0.33046875 0.32890625 0.0765625 0.0796875
1 0.58515625 0.08828125 0.084375 0.084375
1 0.69296875 0.221875 0.084375 0.075
1 0.5640625 0.3359375 0.071875 0.0703125
1 0.8171875 0.090625 0.0765625 0.084375
1 0.93359375 0.2265625 0.0796875 0.0796875
1 0.80703125 0.33984375 0.0765625 0.08125