0 0.50234375 0.50390625 0.97578125 0.97109375
2 0.20078125 0.68671875 0.08203125 0.08359375
2 0.084375 0.80234375 0.0921875 0.08359375
2 0.21328125 0.915625 0.0765625 0.0859375
2 0.33203125 0.8046875 0.090625 0.09609375
2 0.44296875 0.68203125 0.0734375 0.06953125
2 0.5640625 0.79921875 0.07890625 0.09296875
2 0.4453125 0.925 0.08203125 0.08203125
2 0.6828125 0.68359375 0.090625 0.08046875
2 0.8015625 0.8 0.090625 0.08359375
2 0.6796875 0.91796875 0.071875 0.07890625
2 0.928125 0.69140625 0.0921875 0.08515625
2 0.928125 0.9421875 0.0921875 0.0921875