0 0.49609375 0.5109375 0.978125 0.96875
1 0.2046875 0.44375 0.078125 0.0703125
1 0.44296875 0.44140625 0.071875 0.06796875
1 0.80234375 0.3203125 0.075 0.06953125
2 0.56875 0.32578125 0.0765625 0.08359375
2 0.6875 0.45625 0.09296875 0.08359375
1 0.80078125 0.56171875 0.08359375 0.09453125
1 0.56171875 0.56015625 0.075 0.08203125
2 0.3328125 0.56875 0.0890625 0.0890625
2 0.453125 0.67578125 0.06953125 0.08203125
2 0.3296875 0.79921875 0.07890625 0.07890625
2 0.684375 0.6875 0.08203125 0.08203125
1 0.80859375 0.80390625 0.090625 0.09453125