0 0.5 0.5 1 1
2 0.709375 0.0375 0.1 0.075
1 0.29609375 0.36796875 0.0859375 0.0921875
1 0.2515625 0.7390625 0.103125 0.096875
1 0.159375 0.88203125 0.09375 0.09375
1 0.31640625 0.9609375 0.1109375 0.078125
1 0.9796875 0.82109375 0.040625 0.0921875
1 0.8078125 0.49140625 0.096875 0.096875
1 0.58046875 0.54921875 0.09375 0.0921875
1 0.6734375 0.4109375 0.0890625 0.09375
1 0.765625 0.2640625 0.0859375 0.0828125
1 0.9140625 0.3515625 0.1015625 0.1015625
2 0.384375 0.22421875 0.090625 0.0984375
2 0.62265625 0.171875 0.0953125 0.1
2 0.34609375 0.6 0.0875 0.084375
2 0.49921875 0.6921875 0.0890625 0.0953125
2 0.62734375 0.771875 0.103125 0.0953125
2 0.54296875 0.928125 0.0859375 0.090625
2 0.7765625 0.875 0.0859375 0.0859375
2 0.72890625 0.64375 0.103125 0.1078125
2 0.96328125 0.5578125 0.0734375 0.0875