0 0.49453125 0.50546875 0.9890625 0.9515625
1 0.0625 0.0875 0.08203125 0.090625
1 0.1953125 0.2203125 0.08515625 0.0734375
1 0.075 0.3375 0.08515625 0.08046875
1 0.31640625 0.09453125 0.07890625 0.08515625
1 0.4375 0.2140625 0.0609375 0.06328125
1 0.3265625 0.33671875 0.08203125 0.08515625
1 0.55625 0.07890625 0.08046875 0.0765625
1 0.79296875 0.08125 0.0765625 0.071875
1 0.66875 0.20859375 0.0765625 0.0890625
1 0.91875 0.196875 0.0890625 0.08046875
1 0.5578125 0.33203125 0.075 0.0734375
1 0.796875 0.32578125 0.08359375 0.078125