0 0.5 0.5 1 1
1 0.771875 0.27890625 0.1015625 0.1046875
1 0.80625 0.51171875 0.0875 0.096875
1 0.84296875 0.75078125 0.1078125 0.0921875
2 0.54453125 0.3171875 0.096875 0.1078125
2 0.6796875 0.41953125 0.0875 0.090625
2 0.71015625 0.64921875 0.0921875 0.0921875
2 0.340625 0.59453125 0.090625 0.0828125
2 0.47578125 0.68203125 0.09375 0.10625
2 0.37890625 0.821875 0.0953125 0.0953125
1 0.19296875 0.48515625 0.090625 0.0875
1 0.4359375 0.45078125 0.075 0.071875
1 0.57421875 0.55234375 0.0828125 0.0921875