0 0.5 0.5 1 1
1 0.03515625 0.146875 0.0703125 0.09375
1 0.25 0.1078125 0.0875 0.08125
1 0.16640625 0.253125 0.0875 0.08125
1 0.0546875 0.39375 0.090625 0.0765625
2 0.8890625 0.153125 0.1015625 0.0859375
1 0.92109375 0.3828125 0.096875 0.096875
2 0.946875 0.6203125 0.0890625 0.0953125
1 0.97734375 0.8625 0.0453125 0.0875
1 0.778125 0.28984375 0.096875 0.103125
2 0.81484375 0.52109375 0.0953125 0.0953125
2 0.83984375 0.75546875 0.096875 0.1
1 0.6765625 0.41796875 0.08125 0.0890625
1 0.7078125 0.64609375 0.0796875 0.0875
1 0.75390625 0.875 0.090625 0.0859375
1 0.57109375 0.559375 0.0859375 0.0859375
1 0.34921875 0.59296875 0.090625 0.0875
2 0.4359375 0.45390625 0.0890625 0.0921875
2 0.48671875 0.6921875 0.10625 0.1171875
2 0.60625 0.78828125 0.103125 0.096875
2 0.521875 0.928125 0.090625 0.103125
2 0.38046875 0.8265625 0.109375 0.103125
2 0.24140625 0.7296875 0.0953125 0.0953125
2 0.13515625 0.87578125 0.090625 0.0890625
2 0.28359375 0.95859375 0.0921875 0.0828125