0 0.5 0.5 1 1
2 0.7265625 0.05 0.084375 0.1
2 0.39765625 0.2203125 0.1 0.096875
1 0.30078125 0.3578125 0.0875 0.103125
1 0.76796875 0.2765625 0.08125 0.0796875
2 0.63046875 0.18125 0.0890625 0.090625
1 0.915625 0.3734375 0.090625 0.0859375
1 0.67421875 0.4109375 0.0921875 0.096875
1 0.80390625 0.50390625 0.090625 0.0859375
1 0.571875 0.54765625 0.0921875 0.0921875
1 0.1390625 0.85390625 0.1 0.096875
1 0.9671875 0.84375 0.065625 0.096875
1 0.2890625 0.95234375 0.09375 0.0953125
2 0.33828125 0.5921875 0.0875 0.0828125
2 0.48515625 0.6859375 0.0921875 0.0921875
2 0.7171875 0.6546875 0.0921875 0.0984375
2 0.95078125 0.58359375 0.0875 0.084375
2 0.6109375 0.77578125 0.0875 0.0875
2 0.51953125 0.925 0.0953125 0.0953125
2 0.753125 0.88203125 0.10625 0.0921875
1 0.24453125 0.72890625 0.0984375 0.096875