0 0.49453125 0.49609375 0.96015625 0.97265625
1 0.80625 0.3296875 0.0875 0.090625
1 0.79921875 0.56484375 0.0734375 0.0859375
1 0.79453125 0.80625 0.09609375 0.0765625
2 0.57578125 0.32734375 0.08203125 0.09453125
2 0.690625 0.4515625 0.075 0.078125
2 0.68125 0.68359375 0.07890625 0.08046875
2 0.3265625 0.565625 0.07890625 0.0703125
2 0.44453125 0.675 0.078125 0.09453125
2 0.325 0.79609375 0.08203125 0.08203125
1 0.2 0.43203125 0.078125 0.075
1 0.4453125 0.440625 0.06484375 0.0609375
1 0.5640625 0.56484375 0.0703125 0.08046875