0 0.5 0.5 1 1
2 0.75859375 0.05234375 0.09375 0.0875
1 0.3109375 0.346875 0.078125 0.0859375
1 0.22734375 0.71171875 0.096875 0.0890625
1 0.12109375 0.84453125 0.0875 0.0875
1 0.26875 0.9515625 0.103125 0.096875
1 0.96328125 0.8734375 0.0734375 0.084375
1 0.80703125 0.5234375 0.090625 0.090625
1 0.575 0.55703125 0.0859375 0.0859375
1 0.68203125 0.4296875 0.08125 0.0875
1 0.78828125 0.29296875 0.0796875 0.0765625
1 0.92734375 0.3953125 0.09375 0.09375
2 0.4140625 0.21328125 0.0828125 0.0921875
2 0.65625 0.18671875 0.0875 0.09375
2 0.33671875 0.5828125 0.08125 0.078125
2 0.47890625 0.690625 0.08125 0.0890625
2 0.5984375 0.78359375 0.096875 0.0875
2 0.4984375 0.93046875 0.0796875 0.0859375
2 0.73515625 0.9015625 0.0796875 0.0796875
2 0.7125 0.6671875 0.0953125 0.1
2 0.9578125 0.60625 0.071875 0.08125