0 0.503125 0.5015625 0.953125 0.996875
2 0.09453125 0.06328125 0.0703125 0.0875
2 0.584375 0.0953125 0.06796875 0.078125
2 0.07890625 0.5328125 0.08515625 0.0703125
2 0.4484375 0.4421875 0.07890625 0.08359375
2 0.684375 0.46015625 0.0765625 0.078125
2 0.925 0.459375 0.08203125 0.06796875
2 0.55546875 0.55703125 0.06796875 0.06796875
2 0.809375 0.57265625 0.06328125 0.0703125
2 0.6703125 0.68828125 0.08515625 0.0765625
2 0.91640625 0.703125 0.07890625 0.078125
2 0.5578125 0.80234375 0.075 0.08046875
2 0.42421875 0.9328125 0.07890625 0.0859375