0 0.49609375 0.50234375 0.978125 0.97734375
1 0.3234375 0.3296875 0.071875 0.0734375
1 0.43515625 0.434375 0.08203125 0.0765625
2 0.45078125 0.21328125 0.08203125 0.08203125
2 0.31640625 0.55234375 0.08046875 0.0890625
2 0.31796875 0.8 0.08515625 0.078125
2 0.5609375 0.809375 0.0859375 0.071875
2 0.80859375 0.81484375 0.0765625 0.075
2 0.925 0.453125 0.0625 0.078125
1 0.921875 0.6796875 0.0875 0.075
1 0.79765625 0.5609375 0.07890625 0.08359375
1 0.56484375 0.5609375 0.0921875 0.075
1 0.68359375 0.21640625 0.078125 0.0703125