0 0.5 0.50546875 1 0.96015625
2 0.06328125 0.0921875 0.08515625 0.090625
2 0.55546875 0.090625 0.07890625 0.07890625
2 0.084375 0.565625 0.075 0.0703125
2 0.440625 0.44296875 0.08046875 0.07890625
2 0.6859375 0.44453125 0.07890625 0.08046875
2 0.9234375 0.428125 0.08515625 0.08359375
2 0.56328125 0.55546875 0.071875 0.0765625
2 0.8125 0.5484375 0.0859375 0.0765625
2 0.93203125 0.675 0.090625 0.08046875
2 0.68984375 0.68203125 0.0875 0.0890625
2 0.58359375 0.8 0.08046875 0.078125
2 0.4578125 0.94140625 0.08359375 0.0765625