0 0.5 0.503125 0.996875 0.9703125
2 0.80390625 0.08203125 0.0859375 0.07890625
1 0.328125 0.328125 0.0703125 0.07890625
1 0.20703125 0.68203125 0.0890625 0.08046875
1 0.0875 0.803125 0.07890625 0.07890625
1 0.22265625 0.9265625 0.09453125 0.0890625
1 0.93359375 0.92109375 0.0890625 0.075
1 0.803125 0.55546875 0.08203125 0.08203125
1 0.56875 0.56484375 0.07890625 0.078125
1 0.68828125 0.44921875 0.0734375 0.08046875
1 0.80859375 0.32421875 0.0734375 0.06953125
1 0.9359375 0.440625 0.08515625 0.0859375
2 0.44453125 0.20625 0.075 0.08515625
2 0.68828125 0.2046875 0.07890625 0.0859375
2 0.32890625 0.565625 0.075 0.0703125
2 0.459375 0.6875 0.0734375 0.08203125
2 0.56796875 0.7921875 0.0890625 0.07890625
2 0.453125 0.928125 0.071875 0.078125
2 0.6921875 0.92421875 0.071875 0.071875
2 0.69375 0.68828125 0.0859375 0.0921875
2 0.94453125 0.65390625 0.06484375 0.075