0 0.50234375 0.50234375 0.97578125 0.9953125
1 0.0828125 0.0640625 0.08046875 0.0890625
1 0.33515625 0.08359375 0.090625 0.08515625
1 0.5828125 0.09296875 0.08203125 0.07890625
1 0.81640625 0.0984375 0.08359375 0.08359375
1 0.93828125 0.2203125 0.08046875 0.0875
1 0.084375 0.3171875 0.103125 0.1
1 0.2125 0.196875 0.07890625 0.09921875
1 0.328125 0.3296875 0.08203125 0.090625
1 0.45 0.21015625 0.078125 0.078125
1 0.571875 0.33515625 0.08359375 0.08203125
1 0.68203125 0.2171875 0.075 0.075
1 0.80859375 0.34140625 0.0765625 0.08046875