0 0.50078125 0.49609375 0.984375 0.98125
1 0.0734375 0.07265625 0.07890625 0.078125
1 0.30703125 0.07890625 0.0765625 0.0734375
1 0.2046875 0.203125 0.0859375 0.078125
1 0.0796875 0.3265625 0.075 0.07890625
1 0.33515625 0.56640625 0.09921875 0.0859375
1 0.55703125 0.56875 0.0703125 0.06953125
1 0.67734375 0.671875 0.0875 0.06796875
1 0.6828125 0.4453125 0.0765625 0.0734375
1 0.80625 0.334375 0.09609375 0.08359375
1 0.93125 0.4484375 0.09453125 0.1015625
1 0.9375 0.9296875 0.08515625 0.0921875
1 0.690625 0.915625 0.08046875 0.08046875
2 0.5765625 0.07578125 0.0859375 0.08046875
2 0.93671875 0.215625 0.09453125 0.0921875
2 0.4515625 0.2078125 0.08359375 0.08515625
2 0.3234375 0.325 0.0765625 0.0703125
2 0.0859375 0.565625 0.0890625 0.0875
2 0.203125 0.6875 0.08359375 0.0875
2 0.45 0.4421875 0.0890625 0.08046875
2 0.4546875 0.68125 0.08046875 0.07890625
2 0.80625 0.57421875 0.0703125 0.0703125
2 0.91796875 0.690625 0.09609375 0.0859375
2 0.790625 0.8015625 0.0875 0.07890625
2 0.45390625 0.9296875 0.07890625 0.08046875