0 0.5 0.5 1 1
2 0.17265625 0.61796875 0.0796875 0.0828125
2 0.40859375 0.6640625 0.0953125 0.10625
2 0.64765625 0.71953125 0.0890625 0.0921875
2 0.88046875 0.77734375 0.084375 0.075
2 0.03828125 0.7109375 0.0765625 0.0875
2 0.2734375 0.76640625 0.0875 0.0921875
2 0.4984375 0.81015625 0.09375 0.090625
2 0.73203125 0.86015625 0.0921875 0.0921875
2 0.82421875 0.98515625 0.1015625 0.0296875
2 0.59140625 0.95078125 0.0796875 0.0921875
2 0.35546875 0.90625 0.0984375 0.0921875
2 0.1296875 0.85 0.103125 0.0953125