0 0.4984375 0.4984375 0.95703125 0.97109375
1 0.2171875 0.68125 0.08359375 0.075
2 0.21328125 0.4484375 0.08515625 0.0734375
1 0.33125 0.79609375 0.078125 0.0765625
1 0.325 0.32265625 0.0734375 0.06796875
2 0.56875 0.078125 0.08046875 0.08046875
1 0.43984375 0.44140625 0.06796875 0.07890625
1 0.45 0.6859375 0.078125 0.09296875
2 0.56171875 0.7921875 0.06953125 0.0765625
1 0.55703125 0.5703125 0.0765625 0.078125
2 0.5640625 0.3328125 0.06796875 0.06953125
2 0.6796875 0.44140625 0.08046875 0.0734375
2 0.67890625 0.91875 0.0734375 0.08359375
2 0.79765625 0.7921875 0.0875 0.08359375
1 0.79375 0.56015625 0.06328125 0.06796875
2 0.7921875 0.32734375 0.08359375 0.075
1 0.92421875 0.21171875 0.0859375 0.0890625