0 0.50234375 0.50078125 0.99296875 0.96171875
1 0.06796875 0.0828125 0.1015625 0.08046875
1 0.30703125 0.0765625 0.07890625 0.0703125
1 0.20390625 0.209375 0.07890625 0.0703125
1 0.0734375 0.3328125 0.08203125 0.06640625
2 0.93359375 0.2109375 0.0921875 0.0734375
1 0.93359375 0.44296875 0.0859375 0.08515625
2 0.92578125 0.68125 0.078125 0.0859375
1 0.94609375 0.92890625 0.08203125 0.0765625
1 0.8046875 0.33046875 0.08515625 0.0921875
2 0.80859375 0.56484375 0.08515625 0.08359375
2 0.80078125 0.8 0.0859375 0.0890625
1 0.6859375 0.44296875 0.0703125 0.08046875
1 0.68515625 0.6734375 0.06953125 0.07890625
1 0.69921875 0.90703125 0.08046875 0.075
1 0.5625 0.56875 0.0765625 0.0765625
1 0.3375 0.57109375 0.08046875 0.0765625
2 0.44296875 0.4453125 0.07890625 0.08203125
2 0.46015625 0.68828125 0.0921875 0.1046875
2 0.56484375 0.8 0.0921875 0.08515625
2 0.46171875 0.92734375 0.078125 0.09296875
2 0.3359375 0.80703125 0.09765625 0.090625
2 0.21171875 0.69140625 0.08359375 0.08515625
2 0.08671875 0.82109375 0.08046875 0.078125
2 0.22109375 0.93515625 0.08046875 0.0921875