0 0.4984375 0.5 0.990625 1
1 0.2109375 0.67109375 0.0859375 0.078125
2 0.215625 0.43828125 0.0875 0.0765625
1 0.32109375 0.78984375 0.08125 0.0796875
1 0.33125 0.31640625 0.075 0.0703125
2 0.58359375 0.08046875 0.0828125 0.0828125
1 0.4421875 0.4390625 0.0703125 0.08125
1 0.44375 0.684375 0.08125 0.0953125
2 0.5515625 0.79453125 0.071875 0.0796875
1 0.5546875 0.571875 0.0796875 0.08125
2 0.56953125 0.33515625 0.0703125 0.071875
2 0.68125 0.44765625 0.0828125 0.0765625
2 0.6640625 0.925 0.0765625 0.0859375
2 0.7875 0.80234375 0.090625 0.0859375
1 0.79140625 0.5703125 0.065625 0.0703125
2 0.79765625 0.3375 0.0859375 0.078125
1 0.934375 0.2265625 0.0890625 0.0921875