0 0.5 0.5 1 1
2 0.0359375 0.13125 0.071875 0.096875
2 0.5203125 0.08671875 0.0796875 0.0875
2 0.0890625 0.5984375 0.0953125 0.0828125
2 0.43984375 0.45078125 0.090625 0.0953125
2 0.67578125 0.43203125 0.0875 0.0890625
2 0.91328125 0.39375 0.0921875 0.0796875
2 0.5640625 0.54765625 0.078125 0.078125
2 0.8171875 0.5234375 0.0734375 0.0796875
2 0.69765625 0.659375 0.0953125 0.0890625
2 0.94296875 0.63515625 0.090625 0.0890625
2 0.6046875 0.78984375 0.0859375 0.090625
2 0.49296875 0.9390625 0.090625 0.096875