0 0.5 0.5 1 1
1 0.3078125 0.340625 0.0875 0.0953125
1 0.43984375 0.44765625 0.0734375 0.0828125
1 0.575 0.55703125 0.071875 0.075
1 0.89609375 0.16328125 0.090625 0.084375
1 0.809375 0.53046875 0.1 0.09375
2 0.72578125 0.90078125 0.0921875 0.1046875
2 0.83359375 0.7703125 0.1015625 0.0953125
2 0.590625 0.79609375 0.0796875 0.08125
1 0.471875 0.69296875 0.0734375 0.0859375
2 0.20546875 0.4828125 0.0921875 0.0828125
2 0.5484375 0.33046875 0.0953125 0.0953125
2 0.53046875 0.07109375 0.0796875 0.09375
2 0.7828125 0.3 0.0859375 0.0890625
2 0.68046875 0.4203125 0.0890625 0.0796875
1 0.2328125 0.71796875 0.0796875 0.0796875
1 0.3546875 0.8203125 0.1015625 0.09375