0 0.4984375 0.50546875 0.99375 0.97109375
1 0.8078125 0.32421875 0.0921875 0.0921875
2 0.5671875 0.31953125 0.08203125 0.090625
2 0.6921875 0.4515625 0.08359375 0.08046875
1 0.8046875 0.56484375 0.0765625 0.08046875
1 0.80078125 0.80859375 0.08359375 0.06484375
2 0.68515625 0.6859375 0.0609375 0.06796875
1 0.56171875 0.56640625 0.08359375 0.078125
1 0.44375 0.440625 0.0765625 0.06640625
2 0.4484375 0.68359375 0.07890625 0.08359375
2 0.32578125 0.5703125 0.075 0.078125
2 0.33046875 0.8046875 0.078125 0.08203125
1 0.1921875 0.44296875 0.08515625 0.0859375