0 0.4984375 0.4984375 0.9546875 0.9859375
1 0.08125 0.0640625 0.078125 0.08046875
1 0.315625 0.0734375 0.06796875 0.0703125
1 0.20390625 0.196875 0.08515625 0.0859375
1 0.0859375 0.31796875 0.0859375 0.0765625
2 0.94453125 0.2265625 0.08515625 0.0890625
1 0.80703125 0.34296875 0.090625 0.0890625
1 0.93125 0.4546875 0.09453125 0.0859375
2 0.92109375 0.6953125 0.08046875 0.07890625
1 0.9296875 0.9359375 0.0921875 0.08515625
2 0.80546875 0.578125 0.078125 0.08203125
2 0.78671875 0.8078125 0.08046875 0.075
1 0.68671875 0.45078125 0.075 0.08203125
1 0.66875 0.6765625 0.0765625 0.08359375
1 0.68125 0.9140625 0.09296875 0.08046875
1 0.559375 0.56640625 0.078125 0.08359375
2 0.565625 0.80546875 0.0734375 0.075
2 0.44453125 0.446875 0.075 0.08203125
2 0.45 0.68515625 0.075 0.075
2 0.44140625 0.9203125 0.08515625 0.08515625
2 0.32578125 0.80078125 0.071875 0.08046875
2 0.20078125 0.68203125 0.07890625 0.075
2 0.20078125 0.921875 0.08515625 0.0875
2 0.0734375 0.7984375 0.0875 0.08359375
1 0.33203125 0.56328125 0.0765625 0.075