0 0.5 0.5 1 1
1 0.14921875 0.03203125 0.0984375 0.0640625
1 0.25390625 0.1671875 0.096875 0.0890625
1 0.1140625 0.259375 0.0984375 0.0953125
1 0.396875 0.0671875 0.09375 0.0984375
1 0.49296875 0.20703125 0.071875 0.0734375
1 0.3609375 0.30625 0.096875 0.1
1 0.6359375 0.09765625 0.09375 0.090625
1 0.8671875 0.14453125 0.0890625 0.0859375
1 0.72109375 0.24609375 0.0921875 0.1015625
1 0.95859375 0.28203125 0.0828125 0.0953125
1 0.5890625 0.34609375 0.0875 0.0859375
1 0.825 0.3859375 0.096875 0.0921875