0 0.5 0.5 1 1
2 0.7421875 0.05703125 0.08125 0.1015625
2 0.4078125 0.2171875 0.0984375 0.09375
1 0.30546875 0.3515625 0.0859375 0.1
1 0.77578125 0.2859375 0.0796875 0.078125
2 0.64140625 0.1859375 0.0859375 0.0890625
1 0.91953125 0.3875 0.0890625 0.0828125
1 0.67734375 0.4171875 0.090625 0.0953125
1 0.80390625 0.5140625 0.0890625 0.0828125
1 0.5703125 0.55 0.0890625 0.090625
1 0.1265625 0.84140625 0.0984375 0.09375
1 0.96171875 0.86015625 0.0765625 0.0953125
1 0.27421875 0.94765625 0.090625 0.096875
2 0.33515625 0.5859375 0.084375 0.0796875
2 0.47890625 0.68515625 0.0890625 0.0890625
2 0.71171875 0.66171875 0.090625 0.096875
2 0.94765625 0.59921875 0.0859375 0.0828125
2 0.6015625 0.7796875 0.0859375 0.0859375
2 0.5046875 0.92578125 0.09375 0.0921875
2 0.73984375 0.890625 0.103125 0.090625
1 0.23671875 0.71953125 0.0953125 0.09375