0 0.50390625 0.50546875 0.9921875 0.9859375
1 0.08984375 0.06484375 0.0828125 0.0796875
1 0.32109375 0.07734375 0.0796875 0.06875
1 0.2125 0.2 0.0984375 0.0859375
1 0.08515625 0.31796875 0.0828125 0.0828125
2 0.940625 0.221875 0.0890625 0.0953125
1 0.80078125 0.33828125 0.0890625 0.084375
1 0.9265625 0.44765625 0.0875 0.075
1 0.68671875 0.4453125 0.084375 0.1015625
2 0.446875 0.4421875 0.09375 0.084375
2 0.7984375 0.5765625 0.084375 0.0796875
2 0.9140625 0.69375 0.0765625 0.08125
1 0.92421875 0.934375 0.0984375 0.103125
2 0.78125 0.79921875 0.0703125 0.075
1 0.67265625 0.6734375 0.084375 0.0921875
1 0.68203125 0.90703125 0.0734375 0.078125
2 0.5625 0.79375 0.0875 0.0796875
1 0.559375 0.5703125 0.0734375 0.078125
2 0.446875 0.68359375 0.0734375 0.0828125
2 0.45 0.91171875 0.0921875 0.1015625
2 0.3234375 0.796875 0.090625 0.08125
2 0.19453125 0.675 0.075 0.078125
2 0.19921875 0.91484375 0.1015625 0.0953125
2 0.0765625 0.796875 0.103125 0.1
1 0.33125 0.56171875 0.065625 0.0671875