0 0.5 0.5 1 1
2 0.8546875 0.13203125 0.1078125 0.109375
2 0.4921875 0.203125 0.084375 0.090625
2 0.725 0.2359375 0.090625 0.0765625
1 0.35 0.30234375 0.090625 0.0890625
1 0.828125 0.3703125 0.0875 0.0953125
1 0.70078125 0.471875 0.0828125 0.08125
1 0.94140625 0.51015625 0.109375 0.0890625
1 0.1828125 0.64921875 0.084375 0.0875
1 0.05078125 0.74375 0.0953125 0.0921875
1 0.1703125 0.884375 0.0890625 0.1
1 0.86953125 0.96875 0.0859375 0.0625
1 0.55703125 0.57578125 0.0890625 0.0890625
1 0.78828125 0.59375 0.09375 0.0890625
2 0.321875 0.54140625 0.084375 0.0890625
2 0.43515625 0.67578125 0.0921875 0.0953125
2 0.9125 0.71171875 0.08125 0.08125
2 0.6609375 0.709375 0.103125 0.1015625
2 0.52890625 0.79921875 0.0890625 0.09375
2 0.39609375 0.91640625 0.0859375 0.075
2 0.6359375 0.9421875 0.0796875 0.0859375