0 0.5 0.5 1 1
1 0.359375 0.29453125 0.090625 0.096875
1 0.45703125 0.4328125 0.075 0.084375
1 0.55625 0.575 0.075 0.0765625
1 0.96328125 0.284375 0.0734375 0.0875
1 0.7890625 0.61484375 0.103125 0.096875
2 0.60625 0.94609375 0.09375 0.1078125
2 0.746875 0.8515625 0.1046875 0.0984375
2 0.50546875 0.809375 0.0828125 0.084375
1 0.41953125 0.678125 0.0765625 0.0875
2 0.221875 0.40234375 0.09375 0.0859375
2 0.59296875 0.35 0.096875 0.0984375
2 0.64765625 0.09609375 0.0828125 0.0953125
2 0.8265625 0.3859375 0.0875 0.0921875
2 0.6953125 0.4734375 0.090625 0.0828125
1 0.18359375 0.6359375 0.0828125 0.0828125
1 0.271875 0.76796875 0.1046875 0.096875