0 0.5 0.5 1 1
2 0.640625 0.096875 0.0875 0.0984375
1 0.9671875 0.29140625 0.065625 0.0828125
1 0.35859375 0.29765625 0.1015625 0.096875
1 0.46015625 0.43359375 0.0890625 0.0828125
2 0.21875 0.3984375 0.1046875 0.0921875
2 0.596875 0.3484375 0.09375 0.1078125
2 0.81953125 0.38515625 0.0796875 0.08125
2 0.69140625 0.478125 0.0890625 0.09375
2 0.509375 0.8015625 0.0921875 0.0921875
2 0.7484375 0.84765625 0.09375 0.0859375
2 0.60859375 0.946875 0.090625 0.0984375
1 0.19140625 0.63359375 0.0984375 0.096875
1 0.28671875 0.7671875 0.0953125 0.1046875
1 0.42109375 0.68125 0.084375 0.0828125
1 0.55234375 0.57734375 0.0796875 0.0796875
1 0.790625 0.60859375 0.1 0.09375