0 0.49765625 0.50390625 0.9953125 0.9859375
1 0.671875 0.20703125 0.0796875 0.08125
2 0.43203125 0.21953125 0.0890625 0.08125
1 0.3203125 0.340625 0.0796875 0.0765625
1 0.434375 0.4453125 0.071875 0.08125
1 0.56640625 0.571875 0.0703125 0.075
1 0.8 0.5578125 0.075 0.0796875
1 0.9203125 0.67421875 0.0796875 0.075
2 0.31484375 0.56171875 0.09375 0.078125
2 0.9234375 0.440625 0.0875 0.0734375
2 0.3296875 0.81796875 0.0875 0.09375
2 0.5734375 0.81875 0.08125 0.0796875
2 0.815625 0.809375 0.078125 0.084375