0 0.5 0.496875 0.99375 0.99375
2 0.57109375 0.07421875 0.065625 0.0765625
2 0.9359375 0.21171875 0.0828125 0.0859375
2 0.4453125 0.20703125 0.0796875 0.075
2 0.31953125 0.3234375 0.0859375 0.0734375
2 0.0796875 0.56875 0.0796875 0.084375
2 0.45078125 0.44140625 0.08125 0.0703125
2 0.2109375 0.690625 0.0890625 0.078125
2 0.45625 0.6859375 0.09375 0.0734375
2 0.80703125 0.5671875 0.08125 0.075
2 0.92734375 0.6875 0.0875 0.06875
2 0.79609375 0.7890625 0.0796875 0.0796875
2 0.45078125 0.92421875 0.0796875 0.0859375
1 0.0609375 0.078125 0.084375 0.084375
1 0.29921875 0.0765625 0.08125 0.065625
1 0.2046875 0.21015625 0.08125 0.084375
1 0.075 0.33046875 0.084375 0.0796875
1 0.3328125 0.565625 0.0859375 0.075
1 0.79921875 0.32578125 0.090625 0.0796875
1 0.92734375 0.43515625 0.0875 0.071875
1 0.68125 0.43984375 0.08125 0.0796875
1 0.56328125 0.5671875 0.0859375 0.0875
1 0.6796875 0.66953125 0.0765625 0.08125
1 0.69921875 0.9078125 0.0796875 0.078125
1 0.9421875 0.9203125 0.1015625 0.0859375