0 0.58359375 0.49375 0.75703125 0.98515625
1 0.25859375 0.04921875 0.10703125 0.09765625
1 0.36171875 0.16875 0.09609375 0.1125
1 0.4453125 0.05234375 0.09296875 0.08828125
1 0.53984375 0.1640625 0.078125 0.10859375
1 0.25625 0.290625 0.0875 0.1140625
1 0.3484375 0.41015625 0.0765625 0.1140625
1 0.45390625 0.5296875 0.078125 0.1046875
1 0.25078125 0.58671875 0.08515625 0.11015625
1 0.45625 0.80625 0.0671875 0.09921875
1 0.25703125 0.79375 0.0796875 0.11875
1 0.3515625 0.89921875 0.06953125 0.10859375
2 0.7296875 0.17265625 0.090625 0.12265625
2 0.72265625 0.42421875 0.090625 0.12265625
2 0.790625 0.55390625 0.1015625 0.09375
2 0.7109375 0.6484375 0.06640625 0.11015625
2 0.79296875 0.8 0.08125 0.10859375
2 0.88671875 0.9109375 0.0875 0.1125
2 0.90390625 0.68203125 0.08203125 0.12578125
2 0.903125 0.4484375 0.090625 0.103125
2 0.82109375 0.29609375 0.08515625 0.103125
2 0.921875 0.17421875 0.084375 0.11875
2 0.828125 0.05078125 0.090625 0.1015625