2 0.08125 0.615625 0.0703125 0.0828125
2 0.13125 0.76640625 0.0953125 0.103125
2 0.22265625 0.50859375 0.075 0.08125
2 0.26484375 0.6203125 0.0640625 0.096875
2 0.31171875 0.76015625 0.1 0.10625
2 0.3796875 0.51171875 0.071875 0.0875
2 0.46171875 0.625 0.0796875 0.1109375
2 0.55703125 0.79921875 0.084375 0.13125
2 0.575 0.53359375 0.0890625 0.0953125
2 0.6515625 0.61171875 0.075 0.0984375
2 0.79453125 0.7859375 0.1078125 0.14375
2 0.7453125 0.546875 0.084375 0.090625
1 0.2765625 0.20546875 0.05625 0.0421875
1 0.240625 0.3 0.0546875 0.0546875
1 0.31875 0.24921875 0.0546875 0.0359375
1 0.353125 0.29765625 0.0671875 0.0453125
1 0.39765625 0.18984375 0.0875 0.0453125
1 0.45546875 0.24296875 0.071875 0.0421875
1 0.51328125 0.30625 0.06875 0.05625
1 0.67265625 0.3234375 0.0640625 0.0640625
1 0.58125 0.2546875 0.0671875 0.05625
1 0.5296875 0.1921875 0.078125 0.0421875
1 0.73515625 0.2671875 0.0703125 0.0734375
1 0.6578125 0.20234375 0.0734375 0.05625