0 0.8564453125 0.8723958328125001 0.8583984375 0.875 0.8837890625 0.875 0.88671875 0.87109375 0.884765625 0.8294270828125001 0.8828125 0.8268229171874999 0.8828125 0.7903645828125 0.87890625 0.76953125 0.880859375 0.76171875 0.873046875 0.7434895828125 0.87109375 0.7122395828125 0.869140625 0.7096354171875 0.869140625 0.6731770828125 0.8671875 0.6705729171875 0.873046875 0.66015625 0.869140625 0.65234375 0.869140625 0.6419270828125 0.865234375 0.62890625 0.8671875 0.6236979171875 0.8671875 0.6028645828125 0.865234375 0.6002604171875 0.8671875 0.59765625 0.861328125 0.5872395828125 0.861328125 0.5690104171875 0.857421875 0.5638020828125 0.859375 0.5611979171875 0.853515625 0.5377604171875 0.8515625 0.4466145828125 0.849609375 0.4440104171875 0.849609375 0.4283854171875 0.845703125 0.4231770828125 0.84375 0.41015625 0.845703125 0.3893229171875 0.841796875 0.3841145828125 0.84375 0.37109375 0.841796875 0.3580729171875 0.837890625 0.3528645828125 0.837890625 0.3372395828125 0.8359375 0.3346354171875 0.837890625 0.33203125 0.8359375 0.3268229171875 0.837890625 0.3190104171875 0.83203125 0.2877604171875 0.833984375 0.28515625 0.833984375 0.26171875 0.830078125 0.2591145828125 0.828125 0.2513020828125 0.828125 0.23046875 0.822265625 0.20703125 0.822265625 0.17578125 0.8203125 0.1731770828125 0.818359375 0.13671875 0.8154296875 0.1328125 0.7607421875 0.1328125 0.7587890625 0.1354166671875 0.7490234375 0.1354166671875 0.7470703125 0.1328125 0.6396484375 0.1354166671875 0.6357421875 0.1328125 0.6337890625 0.1354166671875 0.6201171875 0.1354166671875 0.6123046875 0.1302083328125 0.6064453125 0.1354166671875 0.6044921875 0.1328125 0.6005859375 0.1354166671875 0.5927734375 0.1328125 0.5771484375 0.1354166671875 0.5732421875 0.1328125 0.5576171875 0.1380208328125 0.5478515625 0.1380208328125 0.5458984375 0.1354166671875 0.5361328125 0.1354166671875 0.5341796875 0.1380208328125 0.4853515625 0.1380208328125 0.4833984375 0.1328125 0.4619140625 0.1276041671875 0.4501953125 0.1354166671875 0.4404296875 0.1354166671875 0.4306640625 0.1432291671875 0.4267578125 0.140625 0.4248046875 0.1432291671875 0.3876953125 0.1432291671875 0.3857421875 0.1458333328125 0.3818359375 0.1432291671875 0.3779296875 0.1458333328125 0.3662109375 0.1458333328125 0.3642578125 0.1432291671875 0.3623046875 0.1458333328125 0.3525390625 0.1458333328125 0.3505859375 0.1432291671875 0.3466796875 0.1458333328125 0.3173828125 0.1458333328125 0.3125 0.15234375 0.3125 0.1705729171875 0.3046875 0.21744791718749998 0.30078125 0.2903645828125 0.296875 0.2981770828125 0.296875 0.3216145828125 0.291015625 0.35546875 0.287109375 0.43359375 0.28125 0.4622395828125 0.279296875 0.5013020828125 0.2734375 0.52734375 0.275390625 0.53515625 0.2734375 0.5690104171875 0.26953125 0.5872395828125 0.26953125 0.6028645828125 0.265625 0.6158854171875 0.265625 0.6315104171875 0.26171875 0.6419270828125 0.2578125 0.70703125 0.251953125 0.7434895828125 0.251953125 0.76953125 0.248046875 0.7825520828125 0.248046875 0.7981770828125 0.244140625 0.8059895828125001 0.24609375 0.8138020828125001 0.244140625 0.8294270828125001 0.2509765625 0.8359375 0.2666015625 0.8359375 0.2685546875 0.8385416671874999 0.2783203125 0.8359375 0.2978515625 0.8411458328125001 0.3076171875 0.8385416671874999 0.3095703125 0.8411458328125001 0.3193359375 0.8411458328125001 0.3212890625 0.8463541671874999 0.3466796875 0.8463541671874999 0.3486328125 0.8489583328125001 0.3525390625 0.84375 0.3623046875 0.8489583328125001 0.3759765625 0.8489583328125001 0.3779296875 0.8463541671874999 0.3798828125 0.8489583328125001 0.3837890625 0.84375 0.3876953125 0.84375 0.3955078125 0.8515625 0.3994140625 0.8463541671874999 0.4091796875 0.84375 0.4482421875 0.84375 0.4501953125 0.8463541671874999 0.4736328125 0.8463541671874999 0.4755859375 0.8489583328125001 0.4931640625 0.8489583328125001 0.4951171875 0.8515625 0.4970703125 0.8489583328125001 0.5126953125 0.8489583328125001 0.5263671875 0.8541666671874999 0.5537109375 0.8541666671874999 0.5634765625 0.8619791671874999 0.5751953125 0.8619791671874999 0.5791015625 0.8567708328125001 0.5908203125 0.8541666671874999 0.5986328125 0.859375 0.6083984375 0.859375 0.6123046875 0.8645833328125001 0.6240234375 0.8619791671874999 0.6259765625 0.8671875 0.6435546875 0.8671875 0.6455078125 0.8697916671874999 0.6708984375 0.8697916671874999 0.6728515625 0.8671875 0.6767578125 0.8697916671874999 0.6826171875 0.8671875 0.6884765625 0.8723958328125001 0.6943359375 0.8723958328125001 0.6962890625 0.8671875 0.7060546875 0.8671875 0.7119140625 0.8723958328125001 0.7314453125 0.8723958328125001 0.7333984375 0.875 0.7470703125 0.8723958328125001 0.7490234375 0.875 0.7802734375 0.875 0.7822265625 0.8776041671874999 0.80859375 0.8763020828125001 0.80078125 0.8736979171874999 0.8505859375 0.8723958328125001 0.8544921875 0.875 0.8564453125 0.8723958328125001
2 0.29140625 0.67578125 0.05234375 0.07890625
2 0.365625 0.80625 0.0625 0.090625
2 0.43671875 0.68203125 0.04765625 0.06953125
2 0.378125 0.57890625 0.05625 0.06953125
2 0.5109375 0.578125 0.053125 0.0625
2 0.5890625 0.6828125 0.05078125 0.0765625
2 0.49765625 0.809375 0.05859375 0.078125
2 0.68046875 0.590625 0.05859375 0.07890625
2 0.8109375 0.59921875 0.06328125 0.0765625
2 0.734375 0.67578125 0.0625 0.0765625
2 0.8421875 0.8125 0.059375 0.078125
2 0.67109375 0.82578125 0.059375 0.0875
1 0.33203125 0.32890625 0.053125 0.0609375
1 0.40078125 0.25 0.04453125 0.05546875
1 0.3453125 0.17421875 0.046875 0.04296875
1 0.4640625 0.15078125 0.04296875 0.0484375
1 0.52890625 0.2359375 0.05390625 0.0640625
1 0.5984375 0.32265625 0.053125 0.059375
1 0.66796875 0.24921875 0.06640625 0.0515625
1 0.60859375 0.1640625 0.06171875 0.046875
1 0.73671875 0.17421875 0.059375 0.0625
1 0.803125 0.2578125 0.04609375 0.065625
1 0.74765625 0.334375 0.06640625 0.065625
1 0.44453125 0.328125 0.05234375 0.065625