0 0.5828125 0.49765625 0.790625 0.9953125
1 0.24296875 0.0578125 0.1109375 0.1015625
1 0.35 0.1734375 0.1 0.115625
1 0.4296875 0.0546875 0.0953125 0.0921875
1 0.528125 0.1625 0.08125 0.1109375
1 0.24921875 0.29921875 0.0921875 0.1171875
1 0.3453125 0.415625 0.08125 0.1171875
1 0.4546875 0.53125 0.08125 0.1078125
1 0.25390625 0.5953125 0.0890625 0.1125
1 0.4671875 0.8078125 0.0703125 0.1015625
1 0.2671875 0.80234375 0.084375 0.121875
1 0.365625 0.90390625 0.0734375 0.1109375
2 0.71796875 0.16484375 0.0953125 0.125
2 0.71953125 0.41640625 0.0953125 0.125
2 0.7921875 0.54375 0.1046875 0.096875
2 0.715625 0.640625 0.0703125 0.1125
2 0.803125 0.78984375 0.084375 0.1109375
2 0.90078125 0.896875 0.090625 0.115625
2 0.91015625 0.66796875 0.0859375 0.128125
2 0.90078125 0.434375 0.09375 0.10625
2 0.8140625 0.28515625 0.0890625 0.10625
2 0.91015625 0.159375 0.0890625 0.121875
2 0.8125 0.04609375 0.09375 0.0921875