0 0.7901578859375 0.57599945625 0.787669009375 0.573901390625 0.77946766875 0.5383774828125001 0.7769787921875 0.5362794171874999 0.7604304734375 0.47328322343749996 0.7579415984375 0.47118516093749996 0.752083496875 0.4458109390625 0.7495946203125 0.443712875 0.7402216609375001 0.4031141234375 0.737732784375 0.40101605781250005 0.7355351796875 0.38281474531250004 0.733046303125 0.38071668125 0.7289456328125 0.3629547265625 0.722796259375 0.353683753125 0.7091769921875 0.3033746703125 0.70302761875 0.29410369687500004 0.693654659375 0.2535049453125 0.6911657828125 0.25140687968750003 0.6746174640625 0.18841068593750002 0.6721285890625001 0.186312621875 0.6711026046875 0.17318615312500002 0.66202418125 0.15122807031250002 0.662755628125 0.14571386875 0.6554346343749999 0.1313680515625 0.643572796875 0.08867123593750001 0.6398394828125 0.0855241390625 0.5960689515625 0.09562936250000001 0.593580075 0.093531296875 0.59226281875 0.0965080765625 0.5789413531250001 0.0995835796875 0.5764524765625 0.0974855140625 0.565034078125 0.10012165937499999 0.5637168203125 0.1030984390625 0.56122794375 0.101000375 0.552298421875 0.10573458437500001 0.547906478125 0.10407587812500001 0.5231666140625 0.109787525 0.518043225 0.1136430203125 0.5092593375 0.11032560625000001 0.5047217578125001 0.1167185234375 0.494620615625 0.11637788906249999 0.49140029218750003 0.1197940265625 0.4851052828125 0.11857467656250001 0.48378802656250003 0.12155145625 0.4793960828125 0.1198927484375 0.462268484375 0.123846965625 0.460951228125 0.126823746875 0.45465621875 0.125604396875 0.3994672890625 0.13834576406250002 0.396246965625 0.1417619015625 0.3937580890625 0.1396638375 0.33095689375 0.1541626359375 0.32846801718749996 0.1520645703125 0.32524769375 0.1554807078125 0.30621702968750003 0.1598742828125 0.2974331421875 0.1565568703125 0.285283296875 0.164707215625 0.2548342328125 0.17173693750000002 0.25234535625 0.16963887187499999 0.2510281 0.1726156515625 0.2415127671875 0.1748124390625 0.239023890625 0.172714375 0.221896290625 0.1766685921875 0.21867596875 0.1800847296875 0.21618709218749999 0.17798666406250002 0.180028828125 0.1863344578125 0.1775399515625 0.18423639375 0.16480429531250002 0.18984931875 0.161951328125 0.2078803140625 0.1676637921875 0.24130615625 0.1656150890625 0.24979713750000002 0.1698613953125 0.25950746874999997 0.168252865625 0.278587496875 0.1749913140625 0.32513980781249996 0.1723568015625 0.3310933671875 0.1726513375 0.3497340375 0.1767520078125 0.367495990625 0.1779268921875 0.4073147515625 0.1824677375 0.4356657515625 0.1814450171875 0.4572832 0.18378825781250002 0.46743288906249997 0.182911175 0.4809987140625 0.1854000515625 0.483096778125 0.1839371578125 0.49412518125 0.18730638125000001 0.5174013375000001 0.187309646875 0.5521452546875001 0.1944882671875 0.6092866124999999 0.1950773421875 0.64656795 0.1985922015625 0.6617924828125 0.1965435 0.6702834640625001 0.1975694828125 0.68340993125 0.20167015312499997 0.7011718859375 0.19962145 0.7096628671875 0.20196469062500003 0.71981255625 0.20079633437500002 0.7494816281250001 0.205926253125 0.8151139671875001 0.208855303125 0.8278010765625 0.20827275781250001 0.860007571875 0.2117876171875 0.875232103125 0.2231331984375 0.8766217703124999 0.2244504546875 0.873644990625 0.2630975953125 0.8673952625 0.26807534843749997 0.871591390625 0.27319873906250003 0.867735896875 0.3384888109375 0.8553351625 0.345955440625 0.8616293562499999 0.3573738390625 0.8589932109375 0.359862715625 0.861091275 0.3807964484375 0.8562583421875001 0.3948493609375 0.8476686390625 0.4024616265625 0.8459112093750001 0.40553631250000005 0.8505466953124999 0.4112455125 0.8492286218749999 0.4157830921875 0.84283570625 0.423249721875 0.8491299 0.4283731109375 0.8452744046875 0.4422803875 0.8447363250000001 0.4601394328125 0.8352679046875 0.46453137499999997 0.8369266109375 0.5184030484375 0.8271620234375 0.5210375609375 0.8212084640624999 0.5248436937500001 0.8203297484375 0.5309930671875 0.8296007218750001 0.5443145328125001 0.82652521875 0.5456317890625 0.8235484390625001 0.5557329328125 0.8238890734375 0.5602705125 0.8174961578125 0.5627593890625 0.819594221875 0.5640766453125 0.8166174421875001 0.573591978125 0.8144206546874999 0.5760808546875 0.81651871875 0.5831073109375 0.8122238671875 0.59247700625 0.8180787031250001 0.5956973296875 0.8146625656250001 0.6019923390625 0.8158819156250001 0.60652991875 0.8094889984375 0.6147279953125 0.8102689906249999 0.619851384375 0.8064134953125001 0.656595459375 0.800603125 0.6679410406249999 0.8019927921875001 0.6596701453125 0.8052386109375 0.6627448328125001 0.8098740984375 0.667868221875 0.806018603125 0.686167440625 0.8071392296875001 0.687484696875 0.8041624515624999 0.6899735734375 0.8062605140624999 0.7223257046875 0.7987914359375 0.7382816828125 0.789762375 0.7483828265625 0.790103009375 0.7573123484375001 0.7853688 0.759801225 0.7874668640625 0.844780590625 0.769184165625 0.846097846875 0.7662073859375 0.8402397468749999 0.740833165625 0.8377508703125001 0.7387351 0.8307211499999999 0.7082860359375001 0.8282322734375 0.706187971875 0.8188593125000001 0.66558921875 0.81329575 0.65885566875 0.8122697656250001 0.6457292 0.8097808890625 0.6436311359375 0.7901578859375 0.57599945625
1 0.1875 0.215625 0.065625 0.0703125
1 0.259375 0.26875 0.059375 0.075
1 0.2140625 0.3578125 0.065625 0.078125
1 0.321875 0.33125 0.0640625 0.0625
1 0.303125 0.184375 0.0703125 0.078125
1 0.39296875 0.2359375 0.0640625 0.071875
1 0.4671875 0.30546875 0.0703125 0.0859375
1 0.4453125 0.15546875 0.0765625 0.0703125
1 0.51640625 0.21640625 0.065625 0.08125
1 0.603125 0.284375 0.075 0.084375
1 0.5625 0.134375 0.0875 0.090625
1 0.64609375 0.2 0.0828125 0.09375
2 0.296875 0.59375 0.075 0.0890625
2 0.43359375 0.56484375 0.06875 0.0953125
2 0.23203125 0.69921875 0.0859375 0.1046875
2 0.375 0.67421875 0.071875 0.0984375
2 0.58984375 0.5390625 0.0765625 0.0953125
2 0.52265625 0.646875 0.0796875 0.096875
2 0.31953125 0.8046875 0.0796875 0.109375
2 0.45390625 0.7828125 0.071875 0.1125
2 0.66484375 0.61015625 0.06875 0.071875
2 0.62734375 0.7625 0.0859375 0.109375
2 0.72109375 0.509375 0.0703125 0.075
2 0.7859375 0.73359375 0.096875 0.1109375