2 0.06953125 0.55625 0.08125 0.090625
2 0.09765625 0.7125 0.1078125 0.1140625
2 0.22421875 0.46953125 0.084375 0.0890625
2 0.25078125 0.5859375 0.075 0.103125
2 0.27734375 0.73125 0.1140625 0.11875
2 0.3796875 0.49453125 0.0828125 0.0953125
2 0.4453125 0.61875 0.09375 0.1203125
2 0.51484375 0.80390625 0.1015625 0.140625
2 0.56953125 0.54375 0.1 0.10625
2 0.634375 0.63125 0.0859375 0.10625
2 0.75234375 0.82421875 0.1265625 0.15625
2 0.73671875 0.58046875 0.0953125 0.1
1 0.31953125 0.17734375 0.0609375 0.05
1 0.27109375 0.265625 0.0609375 0.0609375
1 0.35546875 0.2265625 0.0578125 0.0421875
1 0.3828125 0.2796875 0.0734375 0.053125
1 0.44140625 0.17890625 0.0921875 0.0578125
1 0.4921875 0.2390625 0.0765625 0.0515625
1 0.53984375 0.31015625 0.075 0.0640625
1 0.6953125 0.34921875 0.071875 0.071875
1 0.61484375 0.26875 0.0734375 0.0640625
1 0.571875 0.19921875 0.0828125 0.0515625
1 0.76484375 0.30234375 0.0796875 0.08125
1 0.6984375 0.22734375 0.0796875 0.0640625