0 0.58359375 0.4953125 0.7734375 0.990625
1 0.25078125 0.053125 0.109375 0.1
1 0.35625 0.17109375 0.0984375 0.1140625
1 0.4375 0.053125 0.09375 0.090625
1 0.53359375 0.16328125 0.0796875 0.109375
1 0.25234375 0.29453125 0.0890625 0.115625
1 0.346875 0.4125 0.078125 0.115625
1 0.4546875 0.53046875 0.0796875 0.10625
1 0.25234375 0.59140625 0.0875 0.1109375
1 0.46171875 0.80703125 0.06875 0.1
1 0.2625 0.79765625 0.08125 0.1203125
1 0.35859375 0.9015625 0.071875 0.109375
2 0.72421875 0.16875 0.0921875 0.125
2 0.72109375 0.4203125 0.0921875 0.125
2 0.79140625 0.5484375 0.103125 0.0953125
2 0.71328125 0.64453125 0.06875 0.1109375
2 0.7984375 0.79453125 0.0828125 0.109375
2 0.89375 0.90390625 0.0890625 0.1140625
2 0.90703125 0.675 0.084375 0.1265625
2 0.90234375 0.44140625 0.0921875 0.1046875
2 0.8171875 0.290625 0.0875 0.1046875
2 0.91640625 0.1671875 0.0859375 0.1203125
2 0.81953125 0.0484375 0.0921875 0.096875