0 0.752471425 0.6619434953125001 0.7507526999999999 0.6591790125 0.753930253125 0.6228594140625 0.7522115281249999 0.6200949312499999 0.7559400375 0.555068278125 0.7542213125 0.552303796875 0.7564909937500001 0.526361225 0.75477226875 0.5235967421875001 0.7584037578125 0.48208863125 0.7566850328125 0.47932414687499997 0.760219503125 0.46133457343749995 0.7585007781249999 0.458570090625 0.7600895546875 0.44041029218750005 0.7571060421875 0.4296928109375 0.7596997109375 0.3776374453125 0.756716196875 0.3669199640625 0.7603476859375 0.325411853125 0.7586289609375 0.32264736875 0.7623574703125 0.2576207171875 0.7606387453125001 0.254856234375 0.7637192796875001 0.242055175 0.76187060625 0.21836640937500001 0.7642702359375 0.21334812187500002 0.7617406578125 0.197442128125 0.7636534234375 0.1531695328125 0.7610753359375 0.1490228078125 0.7163244015625 0.1451076078125 0.7146056781250001 0.142343125 0.7124330171875 0.14476715625 0.6988131671875 0.1435755734375 0.6970944421875 0.140811090625 0.6854202859375 0.139789734375 0.683247625 0.14221376562500002 0.6815289 0.13944928125 0.67157346875 0.141192409375 0.6679090515625 0.13825769999999998 0.6426150453125 0.1360447609375 0.6365509984375 0.13812834062499998 0.6292221640625 0.1322589203125 0.6229311484375 0.1369367578125 0.6134296531250001 0.1334913703125 0.6093113 0.135745175 0.6037011890625 0.1326402390625 0.601528528125 0.13506427031249998 0.5978641109375 0.1321295609375 0.5803528765625 0.1305975265625 0.578180215625 0.1330215578125 0.5725701046875 0.129916621875 0.516145015625 0.12498006718750002 0.5120266609375 0.127233871875 0.5103079359375 0.1244693890625 0.44610007500000004 0.118851928125 0.44438135 0.1160874453125 0.44026299687500003 0.11834125 0.42080606875 0.1166389890625 0.413477234375 0.110769571875 0.39940344843750003 0.114766503125 0.36827236406249997 0.1120428859375 0.366553640625 0.10927840312499999 0.3643809796875 0.111702434375 0.354652515625 0.110851303125 0.35293379062499997 0.10808682031250001 0.33542255625 0.10655478593750001 0.33130420156249996 0.10880859062499999 0.32958547656250003 0.1060441078125 0.2926173140625 0.10280981250000001 0.2908985890625 0.10004532968749999 0.27705177187499996 0.10144800312499999 0.2687665546875 0.117714884375 0.263870278125 0.1512699984375 0.2592979875 0.1587123171875 0.2603358078125 0.16925957187500001 0.252909953125 0.18690869375000002 0.2449331421875 0.23326486875 0.24058782031249998 0.23811292968750003 0.23510765781249998 0.2559322765625 0.23351888125000003 0.274092075 0.2223315890625 0.3123250265625 0.2178892484375 0.340691628125 0.210236425 0.36093500624999997 0.20932855312499998 0.371312034375 0.2043023265625 0.3839428671875 0.2060210515625 0.3867073515625 0.20122179375 0.396743925 0.1972333875 0.4199220125 0.18650003125 0.45296645 0.17566965625 0.509529428125 0.16470933125 0.545168121875 0.1633475234375 0.5607336625 0.1587752328125 0.5681759828125 0.15569470000000002 0.580977040625 0.15410592343750001 0.5991368406250001 0.149533634375 0.6065791593750001 0.1486257609375 0.6169561875 0.1383463421875 0.6448121109375 0.122943675 0.70881740625 0.1218088359375 0.7217886906250001 0.11130244687499999 0.752238871875 0.1099406390625 0.7678044140625 0.120301496875 0.7726320421875 0.1224741578125 0.7702080109375 0.1611610453125 0.7762067890625 0.16459849375 0.7817357546875 0.170662540625 0.7796521765625 0.23658912656250003 0.78803411875 0.24174530156250001 0.79632756875 0.2534194578125 0.797348925 0.2551381828125 0.8001134078125001 0.27654080312499996 0.8019858953125001 0.29256028125 0.7981591906250001 0.30034305156249996 0.79884009375 0.30183480937499996 0.8041988343750001 0.3076718875 0.8047095125 0.3139629015625 0.8000316765625 0.31911907500000003 0.8083251265625 0.325183121875 0.806241546875 0.33857600312499997 0.8100273859374999 0.3584868671875 0.8065411328125001 0.362151284375 0.8094758421874999 0.4164037140625 0.8168364296874999 0.4207490359375 0.811988365625 0.42464042187500006 0.81232881875 0.427623934375 0.8230462984375 0.441243784375 0.82423788125 0.44341644531249996 0.8218138500000001 0.452917940625 0.8252592375000001 0.4592089546875 0.820581403125 0.46092767968750004 0.823345884375 0.46310034062499994 0.8209218546875 0.4728288046875 0.821772984375 0.4745475296875 0.8245374671875 0.48255726875000005 0.8226241156249999 0.48965913437499997 0.8310877906249999 0.49377748906249996 0.828833984375 0.4993875984375 0.8319389203125 0.5056786140625 0.827261084375 0.5132344171875001 0.8305362453124999 0.5192984625 0.828452665625 0.5560396578125 0.8342812187499999 0.566400515625 0.8391088484375 0.5575314140625001 0.8396399578124999 0.5590231703125 0.8449987 0.5650872171875 0.8429151203125 0.582144515625 0.8496356687500001 0.5843171765624999 0.8472116390625001 0.5860359015625 0.8499761203125 0.619112678125 0.8528699640624999 0.6370778500000001 0.849213484375 0.6465793453125 0.852658871875 0.6565347765625 0.8509157453125 0.6582535015625 0.8536802281250001 0.7447233453125001 0.862552415625 0.74689600625 0.860128384375 0.7491656875 0.8341858156249999 0.7474469625 0.8314213328125 0.7501705796875 0.8002902484375 0.7484518546875 0.7975257640625 0.7520833453125 0.756017653125 0.7488728625000001 0.7478944296875001 0.7519533968750001 0.7350933687500001 0.750234671875 0.7323288875 0.752471425 0.6619434953125001
1 0.290625 0.1328125 0.059375 0.0640625
1 0.34296875 0.20546875 0.0515625 0.06875
1 0.271875 0.27578125 0.0578125 0.071875
1 0.38203125 0.284375 0.0578125 0.05625
1 0.41015625 0.1390625 0.0625 0.071875
1 0.4796875 0.215625 0.05625 0.0671875
1 0.52890625 0.3046875 0.0625 0.0796875
1 0.5546875 0.15546875 0.0703125 0.0625
1 0.603125 0.23515625 0.05625 0.075
1 0.66484375 0.32734375 0.065625 0.078125
1 0.671875 0.171875 0.078125 0.0828125
1 0.73203125 0.26015625 0.0734375 0.0859375
2 0.278125 0.5265625 0.065625 0.0828125
2 0.41640625 0.54140625 0.0578125 0.090625
2 0.184375 0.60625 0.0734375 0.096875
2 0.32734375 0.6265625 0.0609375 0.09375
2 0.5734375 0.565625 0.0671875 0.0890625
2 0.47578125 0.646875 0.06875 0.090625
2 0.234375 0.73359375 0.0671875 0.103125
2 0.36875 0.7546875 0.059375 0.1078125
2 0.62265625 0.65546875 0.0625 0.065625
2 0.53984375 0.7890625 0.0734375 0.1015625
2 0.70703125 0.57734375 0.0625 0.06875
2 0.69921875 0.8109375 0.0859375 0.103125