2 0.0859375 0.63046875 0.06796875 0.08046875
2 0.140625 0.77890625 0.09140625 0.1
2 0.2234375 0.51796875 0.071875 0.078125
2 0.26953125 0.628125 0.06015625 0.09453125
2 0.32109375 0.76640625 0.096875 0.103125
2 0.38046875 0.515625 0.06875 0.084375
2 0.46640625 0.6265625 0.07578125 0.10859375
2 0.5671875 0.796875 0.08046875 0.128125
2 0.57578125 0.53125 0.08515625 0.09296875
2 0.65546875 0.60625 0.07109375 0.09609375
2 0.8046875 0.77578125 0.103125 0.140625
2 0.746875 0.53828125 0.08125 0.0875
1 0.26640625 0.21328125 0.05546875 0.040625
1 0.23359375 0.309375 0.05234375 0.053125
1 0.31015625 0.25546875 0.053125 0.03359375
1 0.34609375 0.303125 0.06640625 0.04296875
1 0.38671875 0.19375 0.08671875 0.04296875
1 0.446875 0.24453125 0.07109375 0.0390625
1 0.50625 0.30625 0.06640625 0.05390625
1 0.66640625 0.3171875 0.06171875 0.0625
1 0.57265625 0.25234375 0.065625 0.05390625
1 0.51875 0.19140625 0.07734375 0.0390625
1 0.7265625 0.259375 0.06796875 0.07109375
1 0.64765625 0.196875 0.071875 0.053125