0 0.775390625 0.77734375 0.7734375 0.7747395828125 0.7734375 0.7330729171875 0.76953125 0.7252604171875 0.771484375 0.7122395828125 0.76953125 0.7096354171875 0.765625 0.6393229171875 0.763671875 0.63671875 0.763671875 0.6002604171875 0.76171875 0.59765625 0.759765625 0.5325520828125 0.7578125 0.5299479171875 0.7578125 0.50390625 0.755859375 0.5013020828125 0.755859375 0.4596354171875 0.75390625 0.45703125 0.755859375 0.4388020828125 0.75390625 0.4361979171875 0.75390625 0.41796875 0.75 0.4075520828125 0.748046875 0.35546875 0.744140625 0.3450520828125 0.744140625 0.3033854171875 0.7421875 0.30078125 0.740234375 0.23567708281250002 0.73828125 0.23307291718749998 0.740234375 0.22005208281250002 0.736328125 0.1966145828125 0.73828125 0.19140625 0.734375 0.17578125 0.732421875 0.1315104171875 0.7294921875 0.1276041671875 0.6845703125 0.1276041671875 0.6826171875 0.125 0.6806640625 0.1276041671875 0.6669921875 0.1276041671875 0.6650390625 0.125 0.6533203125 0.125 0.6513671875 0.1276041671875 0.6494140625 0.125 0.6396484375 0.1276041671875 0.6357421875 0.125 0.6103515625 0.125 0.6044921875 0.1276041671875 0.5966796875 0.1223958328125 0.5908203125 0.1276041671875 0.5810546875 0.125 0.5771484375 0.1276041671875 0.5712890625 0.125 0.5693359375 0.1276041671875 0.5654296875 0.125 0.5478515625 0.125 0.5458984375 0.1276041671875 0.5400390625 0.125 0.4833984375 0.125 0.4794921875 0.1276041671875 0.4775390625 0.125 0.4130859375 0.125 0.4111328125 0.1223958328125 0.4072265625 0.125 0.3876953125 0.125 0.3798828125 0.1197916671875 0.3662109375 0.125 0.3349609375 0.125 0.3330078125 0.1223958328125 0.3310546875 0.125 0.3212890625 0.125 0.3193359375 0.1223958328125 0.3017578125 0.1223958328125 0.2978515625 0.125 0.2958984375 0.1223958328125 0.2587890625 0.1223958328125 0.2568359375 0.1197916671875 0.2431640625 0.1223958328125 0.236328125 0.1393229171875 0.234375 0.1731770828125 0.23046875 0.1809895828125 0.232421875 0.19140625 0.2265625 0.20963541718749998 0.22265625 0.2565104171875 0.21875 0.26171875 0.21484375 0.2799479171875 0.21484375 0.2981770828125 0.20703125 0.3372395828125 0.205078125 0.3658854171875 0.19921875 0.38671875 0.19921875 0.3971354171875 0.1953125 0.41015625 0.197265625 0.4127604171875 0.193359375 0.4231770828125 0.19140625 0.4466145828125 0.18359375 0.48046875 0.177734375 0.5377604171875 0.169921875 0.57421875 0.169921875 0.58984375 0.166015625 0.59765625 0.1640625 0.6106770828125 0.1640625 0.62890625 0.16015625 0.63671875 0.16015625 0.6471354171875 0.15234375 0.67578125 0.142578125 0.7408854171875 0.142578125 0.75390625 0.134765625 0.78515625 0.134765625 0.80078125 0.1455078125 0.8046875 0.1474609375 0.8020833328125001 0.1865234375 0.8046875 0.1904296875 0.8098958328125001 0.1962890625 0.8072916671874999 0.2626953125 0.8098958328125001 0.2685546875 0.8177083328125001 0.2802734375 0.8177083328125001 0.2822265625 0.8203125 0.3037109375 0.8203125 0.3193359375 0.8151041671874999 0.3271484375 0.8151041671874999 0.3291015625 0.8203125 0.3349609375 0.8203125 0.3408203125 0.8151041671874999 0.3466796875 0.8229166671874999 0.3525390625 0.8203125 0.3662109375 0.8229166671874999 0.3857421875 0.8177083328125001 0.3896484375 0.8203125 0.4443359375 0.8229166671874999 0.4482421875 0.8177083328125001 0.4521484375 0.8177083328125001 0.4560546875 0.828125 0.4697265625 0.828125 0.4716796875 0.8255208328125001 0.4814453125 0.828125 0.4873046875 0.8229166671874999 0.4892578125 0.8255208328125001 0.4912109375 0.8229166671874999 0.5009765625 0.8229166671874999 0.5029296875 0.8255208328125001 0.5107421875 0.8229166671874999 0.5185546875 0.8307291671874999 0.5224609375 0.828125 0.5283203125 0.8307291671874999 0.5341796875 0.8255208328125001 0.5419921875 0.828125 0.5478515625 0.8255208328125001 0.5849609375 0.828125 0.595703125 0.83203125 0.5869140625 0.8333333328125001 0.5888671875 0.8385416671874999 0.5947265625 0.8359375 0.6123046875 0.8411458328125001 0.6142578125 0.8385416671874999 0.6162109375 0.8411458328125001 0.6494140625 0.8411458328125001 0.6669921875 0.8359375 0.6767578125 0.8385416671874999 0.6865234375 0.8359375 0.6884765625 0.8385416671874999 0.775390625 0.83984375 0.77734375 0.8372395828125001 0.77734375 0.8111979171874999 0.775390625 0.80859375 0.775390625 0.77734375
1 0.259375 0.15234375 0.05390625 0.059375
1 0.31796875 0.2203125 0.04609375 0.065625
1 0.253125 0.296875 0.05234375 0.06796875
1 0.3640625 0.2953125 0.053125 0.0515625
1 0.37890625 0.1484375 0.05703125 0.06640625
1 0.4546875 0.21875 0.05078125 0.0625
1 0.51171875 0.303125 0.05546875 0.075
1 0.52421875 0.15234375 0.06484375 0.05703125
1 0.5796875 0.22734375 0.05078125 0.07109375
1 0.64921875 0.31328125 0.06015625 0.0734375
1 0.64296875 0.1578125 0.071875 0.0765625
1 0.71015625 0.240625 0.06640625 0.08046875
2 0.28125 0.54609375 0.05859375 0.078125
2 0.4203125 0.5484375 0.05078125 0.0859375
2 0.19453125 0.63359375 0.06640625 0.09140625
2 0.3390625 0.64140625 0.053125 0.0890625
2 0.57890625 0.55859375 0.059375 0.08359375
2 0.4890625 0.6484375 0.06171875 0.0859375
2 0.25546875 0.75625 0.059375 0.0984375
2 0.39140625 0.76484375 0.05 0.10390625
2 0.6359375 0.64453125 0.05703125 0.0609375
2 0.56484375 0.784375 0.065625 0.096875
2 0.71328125 0.55859375 0.05703125 0.0640625
2 0.72578125 0.7921875 0.07734375 0.09609375